1,0.737845962475381,0.833316056805224,0.856121073908987,0.890535917901938,0.868249196641443,0.812791541411838,0.833730693479838,0.79102311599461,0.830309940914274,0.80957810718358,0.755053384471857,0.79641339276459,0.842334404478076,0.898932310562869,0.837255105214056,0.790401160982689,0.869804084171245,0.883072457758889,0.884731004457344,0.82212086659065,0.855084482222453,0.797760961957085,0.897066445527107,0.880170001036592,0.730693479838292,0.756193635327045,0.79910853114958,0.798693894474966,0.820047683217581,0.809992743858194,0.869285788327978,0.756711931170312,0.766559552192391,0.839017311081165,0.839017311081165,0.790919456825956,0.751632631906292,0.779413289105421,0.820773297398155,0.890846895407899,0.817145226495284,0.871047994195087,0.813828133098373,0.825437959987561,0.800041463667461,0.876438270965067,0.774230330672748,0.88162122939774,0.824608686638333,0.875090701772572,0.809474448014927,0.729656888151757,0.799937804498808,0.844614906188452,0.865554058256453,0.795687778584016,0.876749248471027,0.794962164403441,0.803047579558412,0.863584534052037,0.853529594692651,0.854566186379185,0.756608272001659,0.741059396703639,0.821395252410076,0.888048097854255,0.754742406965896,0.854462527210532,0.741474033378252,0.815901316471442,0.808126878822432,0.827718461697937,0.785736498393283,0.902456722297087,0.837773401057323,0.8609930548357,0.890432258733285,0.767181507204312,0.787395045091738
0.737845962475381,1,0.799419508655541,0.778894993262154,0.769565668083342,0.769254690577382,0.854566186379185,0.814761065616254,0.730175183995024,0.725303203068311,0.796620711101897,0.795998756089976,0.827407484191977,0.76531564216855,0.727376386441381,0.778273038250233,0.842334404478076,0.726650772260806,0.758163159531461,0.754224111122629,0.706333575204727,0.811236653882036,0.786047475899243,0.72675443142946,0.741785010884213,0.834456307660413,0.884212708614077,0.82989530423966,0.817248885663937,0.79402923188556,0.845755157043641,0.795584119415362,0.700010365916865,0.863273556546077,0.78832797760962,0.814864724784907,0.848035658754017,0.819944024048927,0.759407069555302,0.771742510625065,0.752669223592827,0.822224525759303,0.771638851456411,0.758785114543381,0.789882865139422,0.778998652430807,0.778273038250233,0.882761480252928,0.781797449984451,0.800456100342075,0.76531564216855,0.825748937493521,0.754016792785322,0.707992121903182,0.738986213330569,0.764071732144708,0.766352233855084,0.778791334093501,0.824297709132373,0.790919456825956,0.785114543381362,0.794962164403441,0.769462008914689,0.818700114025086,0.824919664144294,0.688400539027677,0.735358142427698,0.811029335544729,0.73991914584845,0.854773504716492,0.777029128226392,0.856950347258215,0.820151342386234,0.803254897895719,0.746864310148233,0.794962164403441,0.785218202550016,0.741266715040945,0.816834248989323,0.819218409868353
0.833316056805224,0.799419508655541,1,0.849901523789779,0.843681973670571,0.835907536021561,0.816523271483363,0.810511039701462,0.805950036280709,0.832797760961957,0.85290763968073,0.787187726754431,0.832694101793304,0.858919871462631,0.828651394215818,0.844925883694413,0.786047475899243,0.784596247538095,0.863999170726651,0.82751114336063,0.796206074427283,0.804084171244947,0.853736913029957,0.839639266093086,0.810303721364155,0.772571783974292,0.772571783974292,0.837877060225977,0.815279361459521,0.815486679796828,0.839224629418472,0.856639369752255,0.760029024567223,0.766559552192391,0.8759199751218,0.792370685187105,0.778065719912926,0.752047268580906,0.818803773193739,0.884627345288691,0.851456411319581,0.810096403026848,0.815901316471442,0.796206074427283,0.787084067585778,0.805431740437442,0.846791748730175,0.821706229916036,0.854669845547839,0.846999067067482,0.819944024048927,0.870426039183166,0.789364569296154,0.782523064165025,0.833419715973878,0.838188037731937,0.841090494454234,0.843163677827304,0.792267026018451,0.815901316471442,0.872706540893542,0.875090701772572,0.836944127708096,0.798071939463046,0.800974396185343,0.793821913548253,0.836633150202135,0.742925261739401,0.78894993262154,0.734425209909817,0.872084585881621,0.803773193738986,0.834145330154452,0.79610241525863,0.867627241629522,0.818492795687779,0.842127086140769,0.812065927231264,0.774230330672748,0.780138903285996
0.856121073908987,0.778894993262154,0.849901523789779,1,0.840986835285581,0.845029542863066,0.817974499844511,0.807815901316471,0.773608375660827,0.814968383953561,0.842956359489997,0.783041360008293,0.830620918420234,0.832175805950036,0.854773504716492,0.854047890535918,0.79910853114958,0.794962164403441,0.876438270965067,0.825645278324868,0.834145330154452,0.817767181507204,0.818492795687779,0.842541722815383,0.821706229916036,0.758474137037421,0.791645071006531,0.838706333575205,0.84513320203172,0.834145330154452,0.835700217684254,0.862858919871463,0.799419508655541,0.789571887633461,0.847517362910749,0.807712242147818,0.792578003524412,0.774852285684669,0.795998756089976,0.825956255830828,0.877785840157562,0.805328081268788,0.80118171452265,0.781901109153105,0.813828133098373,0.784492588369441,0.877267544314295,0.803669534570333,0.866279672437027,0.820669638229501,0.842541722815383,0.845755157043641,0.77547424069659,0.782937700839639,0.845029542863066,0.843370996164611,0.820565979060848,0.819114750699699,0.816523271483363,0.834767285166373,0.876438270965067,0.864310148232611,0.85560277806572,0.808230537991085,0.789779205970768,0.795273141909402,0.837462423551363,0.774230330672748,0.829377008396393,0.754742406965896,0.82481600497564,0.824919664144294,0.863999170726651,0.774541308178708,0.851249092982274,0.823053799108531,0.820980615735462,0.816834248989323,0.818803773193739,0.821187934072769
0.890535917901938,0.769565668083342,0.843681973670571,0.840986835285581,1,0.862029646522235,0.852389343837462,0.832694101793304,0.789364569296154,0.833005079299264,0.792785321861719,0.790712138488649,0.797449984451125,0.857675961438789,0.898517673888255,0.849694205452472,0.831242873432155,0.821084274904115,0.908157976573028,0.921219031823365,0.788120659272313,0.885145641131958,0.808334197159739,0.893542033792889,0.853633253861304,0.729034933139836,0.769462008914689,0.780035244117342,0.813620814761066,0.837462423551363,0.792578003524412,0.873224836736809,0.745931377630351,0.800767077848036,0.837773401057323,0.886907846999067,0.821395252410076,0.731522753187519,0.745205763449777,0.840468539442314,0.88400539027677,0.817974499844511,0.896962786358453,0.854462527210532,0.810303721364155,0.835078262672333,0.870218720845859,0.810511039701462,0.890950554576552,0.84513320203172,0.901627448947859,0.810718358038768,0.72136415465948,0.842645381984036,0.823261117445838,0.893127397118275,0.777029128226392,0.921530009329325,0.774644967347362,0.787291385923085,0.865865035762413,0.885663936975225,0.842127086140769,0.731315434850212,0.741474033378252,0.860578418161086,0.888462734528869,0.736498393282886,0.822535503265264,0.72944956981445,0.811754949725303,0.834456307660413,0.828340416709858,0.804602467088214,0.888359075360216,0.867005286617601,0.863480874883383,0.883383435264849,0.764071732144708,0.760650979579144
0.868249196641443,0.769254690577382,0.835907536021561,0.845029542863066,0.862029646522235,1,0.80957810718358,0.800248782004768,0.782004768321758,0.78894993262154,0.802425624546491,0.735047164921737,0.782212086659065,0.85798693894475,0.85591375557168,0.847102726236136,0.801700010365917,0.796309733595937,0.875298020109879,0.841505131128848,0.803565875401679,0.830724577588888,0.833108738467917,0.848657613765938,0.844614906188452,0.737638644138074,0.771016896444491,0.789260910127501,0.797139006945164,0.832797760961957,0.780449880791956,0.848035658754017,0.779413289105421,0.771638851456411,0.829377008396393,0.853011298849383,0.78894993262154,0.736602052451539,0.756504612833005,0.826267233336789,0.892609101275008,0.781382813309837,0.834041670985799,0.795065823572095,0.810614698870115,0.800352441173422,0.879237068518711,0.782212086659065,0.910542137452058,0.823883072457759,0.857572302270136,0.805224422100135,0.746760650979579,0.794443868560174,0.816108634808749,0.873328495905463,0.77547424069659,0.836425831864828,0.775163263190629,0.806053695449362,0.866176013268374,0.854669845547839,0.820876956566808,0.75007774437649,0.760858297916451,0.828755053384472,0.852285684668809,0.740955737534985,0.862444283196849,0.741163055872292,0.806468332123976,0.825437959987561,0.847724681248056,0.797657302788432,0.867730900798176,0.810096403026848,0.823986731626412,0.850316160464393,0.782419404996372,0.785632839224629
0.812791541411838,0.854566186379185,0.816523271483363,0.817974499844511,0.852389343837462,0.80957810718358,1,0.854047890535918,0.748315538509381,0.77309007981756,0.790297501814035,0.801078055353996,0.844718565357106,0.802943920389758,0.811029335544729,0.827718461697937,0.913548253343008,0.780657199129263,0.83227946511869,0.839535606924432,0.747486265160153,0.884938322794651,0.776199854877164,0.795480460246709,0.805120762931481,0.780657199129263,0.85591375557168,0.832486783455997,0.853011298849383,0.834352648491759,0.838395356069244,0.845858816212294,0.729345910645797,0.870218720845859,0.812273245568571,0.869493106665285,0.887115165336374,0.815693998134135,0.754742406965896,0.787187726754431,0.81973670571162,0.868352855810096,0.838291696900591,0.836633150202135,0.820669638229501,0.849797864621126,0.845755157043641,0.89924328806883,0.842023426972116,0.84036488027366,0.847517362910749,0.835181921840987,0.720742199647559,0.761169275422411,0.782626723333679,0.840468539442314,0.766248574686431,0.843370996164611,0.830620918420234,0.816937908157977,0.824194049963719,0.842541722815383,0.820151342386234,0.790608479319996,0.774230330672748,0.766455893023738,0.799730486161501,0.821084274904115,0.792267026018451,0.826681870011402,0.778584015756194,0.883176116927542,0.843267336995957,0.816419612314709,0.804809785425521,0.86638333160568,0.847724681248056,0.807712242147818,0.815279361459521,0.815175702290868
0.833730693479838,0.814761065616254,0.810511039701462,0.807815901316471,0.832694101793304,0.800248782004768,0.854047890535918,1,0.756608272001659,0.76769980304758,0.811029335544729,0.769358349746035,0.81942572820566,0.813517155592412,0.807712242147818,0.803254897895719,0.832694101793304,0.820047683217581,0.814864724784907,0.826267233336789,0.741888670052866,0.859852803980512,0.765419301337203,0.815797657302788,0.841194153622888,0.777132787395045,0.817767181507204,0.79102311599461,0.808023219653778,0.82212086659065,0.834663625997719,0.839431947755779,0.724162952213123,0.824608686638333,0.818285477350472,0.845858816212294,0.828858712553125,0.791852389343838,0.757022908676272,0.789882865139422,0.834870944335026,0.815901316471442,0.848242977091324,0.799315849486887,0.822742821602571,0.824919664144294,0.825852596662175,0.839950243599046,0.829791645071007,0.843681973670571,0.833419715973878,0.821913548253343,0.710790919456826,0.746449673473619,0.776821809889085,0.833419715973878,0.766870529698352,0.842541722815383,0.819840364880274,0.791230434331917,0.81942572820566,0.83528558100964,0.833419715973878,0.779413289105421,0.76801078055354,0.750699699388411,0.821706229916036,0.804706126256867,0.788535295946927,0.792681662693065,0.776718150720431,0.820358660723541,0.804291489582253,0.808541515497046,0.81973670571162,0.84274904115269,0.862029646522235,0.839639266093086,0.791437752669224,0.800041463667461
0.79102311599461,0.730175183995024,0.805950036280709,0.773608375660827,0.789364569296154,0.782004768321758,0.748315538509381,0.756608272001659,1,0.760443661241837,0.752565564424173,0.79133409350057,0.748730175183995,0.820358660723541,0.772053488131025,0.792267026018451,0.735254483259044,0.741474033378252,0.78625479423655,0.787498704260392,0.775266922359283,0.77070591893853,0.769980304757956,0.800248782004768,0.745205763449777,0.759303410386649,0.711620192806054,0.738364258318648,0.766766870529698,0.750181403545144,0.750907017725718,0.799004871980927,0.715040945371618,0.738986213330569,0.791748730175184,0.75007774437649,0.729553228983103,0.721571472996787,0.705400642686846,0.784907225044055,0.780346221623303,0.748937493521302,0.774230330672748,0.849694205452472,0.727376386441381,0.833419715973878,0.77340105732352,0.749144811858609,0.808852493003006,0.829791645071007,0.777858401575619,0.764486368819322,0.685290763968073,0.812791541411838,0.82450502746968,0.780760858297916,0.740748419197678,0.795895096921323,0.725303203068311,0.767388825541619,0.77609619570851,0.826163574168135,0.748833834352648,0.680315123872707,0.760132683735876,0.747797242666114,0.812791541411838,0.723644656369856,0.715144604540272,0.672229708717736,0.833316056805224,0.731626412356173,0.754327770291282,0.847931999585363,0.786773090079818,0.800663418679382,0.7832486783456,0.772053488131025,0.749144811858609,0.680833419715974
0.830309940914274,0.725303203068311,0.832797760961957,0.814968383953561,0.833005079299264,0.78894993262154,0.77309007981756,0.76769980304758,0.760443661241837,1,0.807193946304551,0.748730175183995,0.772468124805639,0.803047579558412,0.845547838706334,0.839846584430393,0.755882657821084,0.764590027987976,0.833005079299264,0.822846480771224,0.768114439722193,0.786151135067897,0.800767077848036,0.839535606924432,0.790297501814035,0.712553125323935,0.70612625686742,0.776614491551778,0.780968176635223,0.770602259769877,0.786876749248471,0.822535503265264,0.798071939463046,0.741785010884213,0.819633046542967,0.77816937908158,0.736705711620193,0.68580905981134,0.79879755364362,0.84243806364673,0.814242769772986,0.760650979579144,0.806675650461283,0.765211982999896,0.751528972737639,0.781486472478491,0.803358557064372,0.745724059293045,0.825956255830828,0.800041463667461,0.801389032859956,0.815383020628175,0.756919249507619,0.780968176635223,0.81196226806261,0.806986627967244,0.808645174665699,0.832901420130611,0.727894682284648,0.756504612833005,0.825334300818907,0.837047786876749,0.790401160982689,0.742406965896134,0.725821498911579,0.814864724784907,0.819944024048927,0.692650564942469,0.7832486783456,0.677309007981756,0.82720016585467,0.764901005493936,0.787809681766352,0.756608272001659,0.832694101793304,0.779827925780035,0.824194049963719,0.799937804498808,0.722919042189282,0.724681248056391
0.80957810718358,0.796620711101897,0.85290763968073,0.842956359489997,0.792785321861719,0.802425624546491,0.790297501814035,0.811029335544729,0.752565564424173,0.807193946304551,1,0.7578521820255,0.833212397636571,0.808023219653778,0.790193842645382,0.807297605473204,0.772882761480253,0.809785425520887,0.817663522338551,0.793407276873639,0.810407380532808,0.80149269202861,0.810925676376075,0.801596351197263,0.813309837255105,0.773504716492174,0.788846273452887,0.87654193013372,0.789675546802115,0.815797657302788,0.87084067585778,0.825645278324868,0.77609619570851,0.797346325282471,0.860060122317819,0.770913237275837,0.777962060744273,0.780138903285996,0.849383227946512,0.822535503265264,0.811340313050689,0.790297501814035,0.772882761480253,0.746346014304965,0.811858608893957,0.784596247538095,0.825541619156214,0.799834145330155,0.810614698870115,0.788017000103659,0.783352337514253,0.868041878304136,0.819944024048927,0.74199232922152,0.813206178086452,0.799730486161501,0.862340624028195,0.801596351197263,0.821602570747383,0.85021250129574,0.844822224525759,0.82751114336063,0.838913651912512,0.838188037731937,0.80688296879859,0.745413081787084,0.792785321861719,0.771016896444491,0.794858505234788,0.756089976158391,0.83259044262465,0.820047683217581,0.834870944335026,0.774644967347362,0.829998963408313,0.808645174665699,0.826681870011402,0.787291385923085,0.805846377112056,0.818803773193739
0.755053384471857,0.795998756089976,0.787187726754431,0.783041360008293,0.790712138488649,0.735047164921737,0.801078055353996,0.769358349746035,0.79133409350057,0.748730175183995,0.7578521820255,1,0.781382813309837,0.748522856846688,0.772157147299679,0.790090183476729,0.77578521820255,0.7115165336374,0.781590131647144,0.78863895511558,0.758992432880688,0.790090183476729,0.795998756089976,0.740230123354411,0.735150824090391,0.781797449984451,0.780760858297916,0.764382709650669,0.783455996682907,0.751736291074946,0.788742614284233,0.802840261221105,0.725510521405618,0.79610241525863,0.756193635327045,0.794132891054214,0.786876749248471,0.782419404996372,0.704053073494351,0.77070591893853,0.770083963926609,0.774126671504095,0.78117549497253,0.820980615735462,0.732870322380015,0.804706126256867,0.777236446563699,0.820980615735462,0.777858401575619,0.78863895511558,0.775059604021976,0.776199854877164,0.696589613351301,0.834456307660413,0.810511039701462,0.792267026018451,0.750181403545144,0.802632942883798,0.777236446563699,0.794858505234788,0.772675443142946,0.797449984451125,0.767388825541619,0.748004561003421,0.791126775163263,0.712242147817975,0.755675339483777,0.758785114543381,0.71897999378045,0.735980097439618,0.768529076396807,0.809059811340313,0.769980304757956,0.804084171244947,0.757644863688193,0.780657199129263,0.771949828962372,0.753498496942055,0.805224422100135,0.742925261739401
0.79641339276459,0.827407484191977,0.832694101793304,0.830620918420234,0.797449984451125,0.782212086659065,0.844718565357106,0.81942572820566,0.748730175183995,0.772468124805639,0.833212397636571,0.781382813309837,1,0.78387063335752,0.784907225044055,0.82688918834871,0.822742821602571,0.772157147299679,0.804913444594174,0.787498704260392,0.806157354618016,0.828962371721779,0.776407173214471,0.774333989841401,0.781279154141184,0.810925676376075,0.835803876852908,0.850108842127086,0.832486783455997,0.827303825023323,0.870944335026433,0.831139214263502,0.75277288276148,0.829791645071007,0.832383124287343,0.799212190318234,0.835492899346947,0.846169793718254,0.815693998134135,0.799834145330155,0.800248782004768,0.843681973670571,0.793096299367679,0.768218098890847,0.822950139939878,0.816004975640095,0.829791645071007,0.854255208873225,0.806364672955323,0.80387685290764,0.807712242147818,0.842645381984036,0.789157250958847,0.724888566393697,0.793407276873639,0.814553747278947,0.815175702290868,0.813309837255105,0.873743132580077,0.815486679796828,0.828133098372551,0.821395252410076,0.82243184409661,0.822328184927957,0.802010987871877,0.73929719083653,0.767596143878926,0.814450088110293,0.778584015756194,0.821913548253343,0.786669430911164,0.836322172696175,0.839742925261739,0.80688296879859,0.803773193738986,0.807712242147818,0.818078159013165,0.767907121384886,0.809889084689541,0.847310044573443
0.842334404478076,0.76531564216855,0.858919871462631,0.832175805950036,0.857675961438789,0.85798693894475,0.802943920389758,0.813517155592412,0.820358660723541,0.803047579558412,0.808023219653778,0.748522856846688,0.78387063335752,1,0.847206385404789,0.826163574168135,0.780346221623303,0.82243184409661,0.861822328184928,0.840261221105007,0.786151135067897,0.823883072457759,0.834559966829066,0.86607235409972,0.809785425520887,0.735980097439618,0.743650875919975,0.797553643619778,0.813517155592412,0.818285477350472,0.785840157561936,0.845755157043641,0.738778894993262,0.761272934591065,0.856535710583601,0.808437856328392,0.785218202550016,0.712967761998549,0.769565668083342,0.862133305690888,0.867108945786255,0.784907225044055,0.820151342386234,0.834663625997719,0.794858505234788,0.828962371721779,0.843992951176532,0.787809681766352,0.869493106665285,0.87654193013372,0.839328288587125,0.813931792267026,0.740748419197678,0.822846480771224,0.819633046542967,0.847621022079403,0.793303617704986,0.840986835285581,0.761272934591065,0.794858505234788,0.855810096403027,0.874365087591997,0.823986731626412,0.750907017725718,0.762724162952213,0.830828236757541,0.879651705193324,0.737431325800767,0.804602467088214,0.703638436819737,0.860371099823779,0.78832797760962,0.810614698870115,0.823986731626412,0.865657717425106,0.862547942365502,0.832694101793304,0.826681870011402,0.737431325800767,0.743547216751322
0.898932310562869,0.727376386441381,0.828651394215818,0.854773504716492,0.898517673888255,0.85591375557168,0.811029335544729,0.807712242147818,0.772053488131025,0.845547838706334,0.790193842645382,0.772157147299679,0.784907225044055,0.847206385404789,1,0.854980823053799,0.793407276873639,0.835492899346947,0.888773712034829,0.876956566808334,0.806468332123976,0.851871047994195,0.824608686638333,0.898621333056909,0.853944231367264,0.712553125323935,0.746553332642272,0.782004768321758,0.803565875401679,0.81973670571162,0.772364465636986,0.855706437234373,0.775888877371203,0.759614387892609,0.822742821602571,0.845547838706334,0.782108427490412,0.72706540893542,0.779309629936768,0.842852700321343,0.875608997615839,0.778894993262154,0.865968694931067,0.80688296879859,0.801078055353996,0.798486576137659,0.853114958018037,0.761065616253758,0.886285891987146,0.809785425520887,0.882035866072354,0.802321965377838,0.749041152689955,0.834456307660413,0.834145330154452,0.854669845547839,0.797449984451125,0.861096714004354,0.758370477868767,0.796309733595937,0.847724681248056,0.854877163885146,0.834352648491759,0.765211982999896,0.734943505753084,0.839950243599046,0.88400539027677,0.730589820669638,0.865139421581839,0.715040945371618,0.807090287135897,0.795169482740748,0.834870944335026,0.785425520887322,0.87892609101275,0.823572094951799,0.839950243599046,0.872913859230849,0.75007774437649,0.765730278843164
0.837255105214056,0.778273038250233,0.844925883694413,0.854047890535918,0.849694205452472,0.847102726236136,0.827718461697937,0.803254897895719,0.792267026018451,0.839846584430393,0.807297605473204,0.790090183476729,0.82688918834871,0.826163574168135,0.854980823053799,1,0.805950036280709,0.771120555613144,0.852596662174769,0.820047683217581,0.810925676376075,0.820876956566808,0.837566082720017,0.829687985902353,0.804498807919561,0.757022908676272,0.767388825541619,0.814450088110293,0.825852596662175,0.806779309629937,0.823468435783145,0.852700321343423,0.786565771742511,0.788742614284233,0.82180988908469,0.82243184409661,0.793199958536333,0.763449777132787,0.799937804498808,0.839846584430393,0.855810096403027,0.812998859749145,0.824608686638333,0.799730486161501,0.804291489582253,0.806261013786669,0.839950243599046,0.796206074427283,0.863584534052037,0.829377008396393,0.831139214263502,0.822535503265264,0.77070591893853,0.789986524308075,0.827614802529284,0.854566186379185,0.818907432362392,0.839431947755779,0.804291489582253,0.790608479319996,0.846377112055561,0.871566290038354,0.831346532600808,0.780242562454649,0.777340105732352,0.784699906706748,0.819633046542967,0.766144915517778,0.815693998134135,0.735047164921737,0.821084274904115,0.819114750699699,0.823157458277185,0.800663418679382,0.847517362910749,0.822639162433917,0.832797760961957,0.797553643619778,0.787498704260392,0.783041360008293
0.790401160982689,0.842334404478076,0.786047475899243,0.79910853114958,0.831242873432155,0.801700010365917,0.913548253343008,0.832694101793304,0.735254483259044,0.755882657821084,0.772882761480253,0.77578521820255,0.822742821602571,0.780346221623303,0.793407276873639,0.805950036280709,1,0.763864413807401,0.811340313050689,0.814035451435679,0.735047164921737,0.859645485643205,0.763346117964134,0.784077951694827,0.789986524308075,0.758681455374728,0.846999067067482,0.810511039701462,0.843474655333264,0.818596454856432,0.809992743858194,0.806468332123976,0.719601948792371,0.877267544314295,0.786151135067897,0.862029646522235,0.896444490515186,0.804706126256867,0.732766663211361,0.765833938011817,0.793407276873639,0.865657717425106,0.823986731626412,0.816523271483363,0.808852493003006,0.828858712553125,0.828547735047165,0.884109049445423,0.827096506686016,0.820876956566808,0.833627034311185,0.812169586399917,0.698559137555717,0.735876438270965,0.756711931170312,0.813724473929719,0.740541100860371,0.819944024048927,0.811547631387996,0.788535295946927,0.79641339276459,0.816834248989323,0.790919456825956,0.769669327251995,0.774023012335441,0.748211879340728,0.772364465636986,0.813620814761066,0.764071732144708,0.83020628174562,0.756608272001659,0.866797968280294,0.834352648491759,0.801907328703224,0.789675546802115,0.850005182958433,0.825126982481601,0.789260910127501,0.789986524308075,0.811858608893957
0.869804084171245,0.726650772260806,0.784596247538095,0.794962164403441,0.821084274904115,0.796309733595937,0.780657199129263,0.820047683217581,0.741474033378252,0.764590027987976,0.809785425520887,0.7115165336374,0.772157147299679,0.82243184409661,0.835492899346947,0.771120555613144,0.763864413807401,1,0.830620918420234,0.82688918834871,0.784388929200788,0.824608686638333,0.742199647558827,0.865554058256453,0.879133409350057,0.718461697937183,0.754949725303203,0.787706022597699,0.780242562454649,0.810925676376075,0.791126775163263,0.811236653882036,0.735358142427698,0.742510625064787,0.821602570747383,0.788431636778273,0.768943713071421,0.755364361977817,0.765108323831243,0.77848035658754,0.838395356069244,0.771742510625065,0.823779413289105,0.774230330672748,0.832694101793304,0.791748730175184,0.805950036280709,0.740022805017104,0.813620814761066,0.793303617704986,0.826578210842749,0.788742614284233,0.729242251477143,0.763657095470094,0.790090183476729,0.799419508655541,0.781797449984451,0.811443972219343,0.782315745827718,0.804291489582253,0.811547631387996,0.800456100342075,0.850419819633047,0.774644967347362,0.737327666632114,0.817456204001244,0.87084067585778,0.761583912097025,0.837047786876749,0.745413081787084,0.785218202550016,0.771016896444491,0.805120762931481,0.775992536539857,0.861200373173007,0.826370892505442,0.828444075878511,0.861822328184928,0.755364361977817,0.79133409350057
0.883072457758889,0.758163159531461,0.863999170726651,0.876438270965067,0.908157976573028,0.875298020109879,0.83227946511869,0.814864724784907,0.78625479423655,0.833005079299264,0.817663522338551,0.781590131647144,0.804913444594174,0.861822328184928,0.888773712034829,0.852596662174769,0.811340313050689,0.830620918420234,1,0.882865139421582,0.819840364880274,0.854877163885146,0.82989530423966,0.878822431844097,0.863169897377423,0.728205659790608,0.770291282263916,0.808645174665699,0.826267233336789,0.841608790297502,0.800041463667461,0.872810200062196,0.777443764901006,0.779413289105421,0.857261324764175,0.848968591271898,0.800663418679382,0.737949621644034,0.772986420648906,0.856639369752255,0.903493313983622,0.796620711101897,0.861511350678968,0.832072146781383,0.805328081268788,0.822017207421996,0.885974914481186,0.79910853114958,0.897584741370374,0.839950243599046,0.89146885041982,0.828962371721779,0.745827718461698,0.833523375142531,0.846895407898829,0.888151757022909,0.810822017207422,0.885871255312532,0.784596247538095,0.821706229916036,0.887633461179641,0.888151757022909,0.858090598113403,0.767181507204312,0.756193635327045,0.85290763968073,0.879133409350057,0.734425209909817,0.839120970249819,0.723230019695242,0.834767285166373,0.822846480771224,0.858816212293977,0.794858505234788,0.902456722297087,0.839431947755779,0.859749144811859,0.867005286617601,0.787913340935006,0.780760858297916
0.884731004457344,0.754224111122629,0.82751114336063,0.825645278324868,0.921219031823365,0.841505131128848,0.839535606924432,0.826267233336789,0.787498704260392,0.822846480771224,0.793407276873639,0.78863895511558,0.787498704260392,0.840261221105007,0.876956566808334,0.820047683217581,0.814035451435679,0.82688918834871,0.882865139421582,1,0.777547424069659,0.863791852389344,0.791541411837877,0.880273660205245,0.866486990774334,0.716181196226806,0.765730278843164,0.772986420648906,0.810718358038768,0.815486679796828,0.777443764901006,0.866590649942987,0.724784907225044,0.78894993262154,0.829066030890432,0.878407795169483,0.812480563905877,0.721571472996787,0.737534984969421,0.823675754120452,0.875090701772572,0.812376904737224,0.908157976573028,0.836011195190215,0.792059707681144,0.818285477350472,0.861718669016274,0.806364672955323,0.865657717425106,0.839120970249819,0.90432258733285,0.793303617704986,0.708095781071836,0.812791541411838,0.804602467088214,0.884212708614077,0.762724162952213,0.916761687571266,0.769254690577382,0.774644967347362,0.857364983932829,0.858919871462631,0.82720016585467,0.712449466155281,0.719083652949103,0.849590546283819,0.880999274385819,0.715559241214885,0.822328184927957,0.719498289623717,0.797242666113818,0.819322069037006,0.81735254483259,0.796517051933244,0.873017518399502,0.850005182958433,0.856224733077641,0.90494454234477,0.755778998652431,0.753394837773401
0.82212086659065,0.706333575204727,0.796206074427283,0.834145330154452,0.788120659272313,0.803565875401679,0.747486265160153,0.741888670052866,0.775266922359283,0.768114439722193,0.810407380532808,0.758992432880688,0.806157354618016,0.786151135067897,0.806468332123976,0.810925676376075,0.735047164921737,0.784388929200788,0.819840364880274,0.777547424069659,1,0.771535192287758,0.777651083238312,0.793821913548253,0.765108323831243,0.780035244117342,0.732559344874054,0.820462319892194,0.774437649010055,0.804913444594174,0.78863895511558,0.801078055353996,0.812895200580491,0.718461697937183,0.801907328703224,0.748833834352648,0.751114336063025,0.805950036280709,0.807193946304551,0.794651186897481,0.810822017207422,0.773608375660827,0.756400953664352,0.792267026018451,0.807193946304551,0.775577899865243,0.836218513527522,0.737327666632114,0.815486679796828,0.753291178604748,0.792163366849798,0.787706022597699,0.781071835803877,0.789157250958847,0.874054110086037,0.794443868560174,0.81973670571162,0.774541308178708,0.797657302788432,0.858194257282057,0.827718461697937,0.802736602052452,0.825956255830828,0.787084067585778,0.7937182543796,0.749663107701876,0.781279154141184,0.791852389343838,0.794547527728828,0.73214470819944,0.766974188867005,0.774541308178708,0.812169586399917,0.769772986420649,0.822846480771224,0.765833938011817,0.760858297916451,0.766870529698352,0.802425624546491,0.795065823572095
0.855084482222453,0.811236653882036,0.804084171244947,0.817767181507204,0.885145641131958,0.830724577588888,0.884938322794651,0.859852803980512,0.77070591893853,0.786151135067897,0.80149269202861,0.790090183476729,0.828962371721779,0.823883072457759,0.851871047994195,0.820876956566808,0.859645485643205,0.824608686638333,0.854877163885146,0.863791852389344,0.771535192287758,1,0.788224318440966,0.833834352648492,0.843267336995957,0.759718047061263,0.825437959987561,0.804084171244947,0.821498911578729,0.845340520369027,0.820151342386234,0.853944231367264,0.737016689126153,0.846791748730175,0.818907432362392,0.870944335026433,0.869907743339898,0.779620607442728,0.753705815279361,0.792578003524412,0.84813931792267,0.839742925261739,0.880170001036592,0.842852700321343,0.838499015237898,0.839846584430393,0.861925987353581,0.843267336995957,0.846377112055561,0.840572198610967,0.869907743339898,0.813413496423759,0.718047061262569,0.791852389343838,0.794236550222867,0.856846688089562,0.767285166372966,0.868663833316057,0.813413496423759,0.809889084689541,0.82481600497564,0.845651497874987,0.828236757541205,0.767803462216233,0.755571680315124,0.805431740437442,0.849694205452472,0.797449984451125,0.829998963408313,0.788742614284233,0.788120659272313,0.852700321343423,0.839742925261739,0.820980615735462,0.839224629418472,0.881102933554473,0.86845651497875,0.844822224525759,0.78625479423655,0.795065823572095
0.797760961957085,0.786047475899243,0.853736913029957,0.818492795687779,0.808334197159739,0.833108738467917,0.776199854877164,0.765419301337203,0.769980304757956,0.800767077848036,0.810925676376075,0.795998756089976,0.776407173214471,0.834559966829066,0.824608686638333,0.837566082720017,0.763346117964134,0.742199647558827,0.82989530423966,0.791541411837877,0.777651083238312,0.788224318440966,1,0.798486576137659,0.765004664662589,0.759821706229916,0.747589924328807,0.809785425520887,0.774541308178708,0.785321861718669,0.796620711101897,0.80657199129263,0.76054732041049,0.751528972737639,0.829377008396393,0.785840157561936,0.750181403545144,0.719601948792371,0.79402923188556,0.864413807401265,0.809681766352234,0.764797346325283,0.774333989841401,0.77848035658754,0.771846169793718,0.774023012335441,0.816004975640095,0.780760858297916,0.840468539442314,0.819529387374313,0.797449984451125,0.810200062195501,0.786151135067897,0.810614698870115,0.805950036280709,0.806157354618016,0.820669638229501,0.804706126256867,0.766041256349124,0.787187726754431,0.830102622576967,0.846169793718254,0.783766974188867,0.784077951694827,0.788017000103659,0.742925261739401,0.803565875401679,0.717321447081994,0.788224318440966,0.711723851974707,0.82989530423966,0.786047475899243,0.807919560485125,0.781071835803877,0.827718461697937,0.778376697418887,0.802218306209184,0.776925469057738,0.753809474448015,0.743132580076708
0.897066445527107,0.72675443142946,0.839639266093086,0.842541722815383,0.893542033792889,0.848657613765938,0.795480460246709,0.815797657302788,0.800248782004768,0.839535606924432,0.801596351197263,0.740230123354411,0.774333989841401,0.86607235409972,0.898621333056909,0.829687985902353,0.784077951694827,0.865554058256453,0.878822431844097,0.880273660205245,0.793821913548253,0.833834352648492,0.798486576137659,1,0.867834559966829,0.701772571783974,0.736809370788846,0.784699906706748,0.830724577588888,0.814761065616254,0.782108427490412,0.843267336995957,0.750181403545144,0.749248471027262,0.836633150202135,0.833938011817145,0.771949828962372,0.720223903804291,0.768114439722193,0.834767285166373,0.871877267544314,0.781797449984451,0.867005286617601,0.825956255830828,0.794236550222867,0.830413600082927,0.846273452886908,0.758785114543381,0.880066341867938,0.841712449466155,0.868560174147403,0.804602467088214,0.729760547320411,0.828236757541205,0.826059914999482,0.839535606924432,0.782937700839639,0.871255312532394,0.760029024567223,0.786565771742511,0.852078366331502,0.847206385404789,0.833316056805224,0.741785010884213,0.737638644138074,0.854255208873225,0.924017829377008,0.722711723851975,0.82450502746968,0.707784803565875,0.844822224525759,0.794754846066135,0.831761169275422,0.805535399606095,0.881413911060433,0.842230745309423,0.862755260702809,0.881206592723126,0.744480149269203,0.765730278843164
0.880170001036592,0.741785010884213,0.810303721364155,0.821706229916036,0.853633253861304,0.844614906188452,0.805120762931481,0.841194153622888,0.745205763449777,0.790297501814035,0.813309837255105,0.735150824090391,0.781279154141184,0.809785425520887,0.853944231367264,0.804498807919561,0.789986524308075,0.879133409350057,0.863169897377423,0.866486990774334,0.765108323831243,0.843267336995957,0.765004664662589,0.867834559966829,1,0.712034829480668,0.77547424069659,0.785218202550016,0.787913340935006,0.823572094951799,0.791956048512491,0.826785529180056,0.767285166372966,0.771742510625065,0.832175805950036,0.832383124287343,0.785114543381362,0.743132580076708,0.75515704364051,0.79879755364362,0.885871255312532,0.778791334093501,0.856328392246294,0.779620607442728,0.808645174665699,0.794236550222867,0.841608790297502,0.765108323831243,0.839950243599046,0.788742614284233,0.856432051414948,0.80180366953457,0.712449466155281,0.754327770291282,0.79610241525863,0.847310044573443,0.766041256349124,0.845858816212294,0.780035244117342,0.809474448014927,0.836840468539442,0.816419612314709,0.843370996164611,0.764279050482015,0.739815486679797,0.846273452886908,0.86876749248471,0.744791126775163,0.859230848968591,0.734010573235203,0.776718150720431,0.797139006945164,0.838499015237898,0.771431533119104,0.858090598113403,0.828444075878511,0.849590546283819,0.905151860682077,0.779827925780035,0.795687778584016
0.730693479838292,0.834456307660413,0.772571783974292,0.758474137037421,0.729034933139836,0.737638644138074,0.780657199129263,0.777132787395045,0.759303410386649,0.712553125323935,0.773504716492174,0.781797449984451,0.810925676376075,0.735980097439618,0.712553125323935,0.757022908676272,0.758681455374728,0.718461697937183,0.728205659790608,0.716181196226806,0.780035244117342,0.759718047061263,0.759821706229916,0.701772571783974,0.712034829480668,1,0.796206074427283,0.801389032859956,0.760340002073183,0.765730278843164,0.819322069037006,0.765833938011817,0.738882554161916,0.783974292526174,0.782419404996372,0.749041152689955,0.764175391313362,0.832072146781383,0.778791334093501,0.76023634290453,0.729760547320411,0.772571783974292,0.734010573235203,0.760754638747797,0.77609619570851,0.790297501814035,0.734010573235203,0.805535399606095,0.760754638747797,0.756608272001659,0.732455685705401,0.792059707681144,0.764279050482015,0.717010469576034,0.776614491551778,0.730175183995024,0.780968176635223,0.733492277391935,0.808645174665699,0.80657199129263,0.750803358557064,0.778687674924847,0.755882657821084,0.781279154141184,0.848864932103245,0.655955219239142,0.707473826059915,0.814242769772986,0.72675443142946,0.788120659272313,0.755778998652431,0.780346221623303,0.778376697418887,0.825126982481601,0.728516637296569,0.748419197678035,0.761687571265678,0.707784803565875,0.827303825023323,0.774126671504095
0.756193635327045,0.884212708614077,0.772571783974292,0.791645071006531,0.769462008914689,0.771016896444491,0.85591375557168,0.817767181507204,0.711620192806054,0.70612625686742,0.788846273452887,0.780760858297916,0.835803876852908,0.743650875919975,0.746553332642272,0.767388825541619,0.846999067067482,0.754949725303203,0.770291282263916,0.765730278843164,0.732559344874054,0.825437959987561,0.747589924328807,0.736809370788846,0.77547424069659,0.796206074427283,1,0.812584223074531,0.833523375142531,0.792474344355758,0.82989530423966,0.784492588369441,0.709028713589717,0.865450399087799,0.763760754638748,0.829480667565046,0.854358868041878,0.843889292007878,0.741681351715559,0.743443557582668,0.769980304757956,0.825852596662175,0.76801078055354,0.751632631906292,0.793510936042293,0.774126671504095,0.803462216233026,0.868352855810096,0.789779205970768,0.783766974188867,0.790090183476729,0.814035451435679,0.729656888151757,0.682388307245776,0.731419094018866,0.7683217580595,0.747797242666114,0.768529076396807,0.846791748730175,0.803047579558412,0.781071835803877,0.774748626516015,0.79879755364362,0.823986731626412,0.817559863169897,0.70135793510936,0.738986213330569,0.818389136519125,0.761376593759718,0.887426142842334,0.742717943402094,0.869493106665285,0.836840468539442,0.793821913548253,0.749248471027262,0.800248782004768,0.781382813309837,0.773504716492174,0.835181921840987,0.838809992743858
0.79910853114958,0.82989530423966,0.837877060225977,0.838706333575205,0.780035244117342,0.789260910127501,0.832486783455997,0.79102311599461,0.738364258318648,0.776614491551778,0.87654193013372,0.764382709650669,0.850108842127086,0.797553643619778,0.782004768321758,0.814450088110293,0.810511039701462,0.787706022597699,0.808645174665699,0.772986420648906,0.820462319892194,0.804084171244947,0.809785425520887,0.784699906706748,0.785218202550016,0.801389032859956,0.812584223074531,1,0.820669638229501,0.810303721364155,0.876749248471027,0.828236757541205,0.775577899865243,0.792267026018451,0.842334404478076,0.768943713071421,0.808334197159739,0.819840364880274,0.834559966829066,0.816212293977402,0.792578003524412,0.810925676376075,0.773608375660827,0.762413185446253,0.815901316471442,0.792992640199026,0.825852596662175,0.841608790297502,0.81196226806261,0.789986524308075,0.798382916969006,0.865865035762413,0.816523271483363,0.722608064683321,0.817663522338551,0.798382916969006,0.85021250129574,0.781797449984451,0.842023426972116,0.86876749248471,0.848657613765938,0.828651394215818,0.822639162433917,0.875816315953146,0.838706333575205,0.736602052451539,0.770913237275837,0.811132994713382,0.795998756089976,0.798901212812273,0.810718358038768,0.841297812791541,0.858816212293977,0.789675546802115,0.802736602052452,0.810407380532808,0.824919664144294,0.753187519436094,0.82688918834871,0.849383227946512
