1,0.744864977583151,0.760921697424669,0.816077572724429,0.753727452820352,0.737879261807945,0.743196746950266,0.745490564070483,0.812532582629549,0.796058805129809,0.778542383484517,0.781044729433844,0.843082056094255,0.826191220936294,0.777916796997185,0.742571160462934,0.614847252632676,0.835575018246273,0.848503805651131,0.800229381712022,0.817120216869982,0.795433218642477,0.772807840683975,0.716609321238661,0.80137629027213,0.735376915858617,0.70795537483057,0.721822541966427,0.742362631633823,0.703263476175581,0.706287144197685,0.814200813262434,0.702012303200918,0.799082473151913,0.818996976331978,0.800437910541132,0.742779689292045,0.854029819622563,0.742466896048379,0.839015743926598,0.654050672505474,0.720571368991763,0.691898654989052,0.778855176728183,0.752267751016578,0.811489938483995,0.695756438327599,0.796058805129809,0.775310186633302,0.75466583255135,0.800333646126577,0.812324053800438,0.742154102804713,0.685851318944844,0.839432801584819,0.815764779480763,0.864664789907205,0.69283703472005,0.765926389323324,0.84475028672714,0.786883536648942,0.803357314148681,0.793764988009592,0.823584610572412,0.804295693879679,0.821290793452195,0.802835992075905,0.739443228026275,0.757376707329788,0.825878427692629,0.805755395683453,0.808779063705557,0.79470336774059,0.748722760921697,0.730997810447294,0.723490772599312,0.80648524658534,0.634136169325409
0.744864977583151,1,0.861745386299656,0.752997601918465,0.765926389323324,0.74111145865916,0.73287456990929,0.717026378896882,0.730059430716297,0.772599311854864,0.770931081221979,0.731727661349182,0.787092065478052,0.714732561776666,0.768845792930873,0.799395266395579,0.75445730372224,0.749973933896361,0.803565842977792,0.759670524450005,0.78803044520905,0.742571160462934,0.749765405067251,0.722135335210093,0.759357731206339,0.766343446981545,0.703263476175581,0.749244082994474,0.725576060890418,0.789281618183714,0.815034928578876,0.743196746950266,0.698154519862371,0.716400792409551,0.836409133562715,0.71796475862788,0.716400792409551,0.78448545511417,0.777395474924408,0.799082473151913,0.749035554165363,0.771765196538421,0.757689500573454,0.748514232092587,0.648941716192264,0.734855593785841,0.724012094672088,0.760296110937337,0.803565842977792,0.799186737566469,0.742049838390157,0.776769888437076,0.801480554686685,0.737253675320613,0.760504639766448,0.666979459910333,0.733812949640288,0.774059013658638,0.800854968199354,0.786883536648942,0.746533208216036,0.783442810968616,0.737566468564279,0.722969450526535,0.740798665415494,0.744864977583151,0.749139818579919,0.76957564383276,0.824418725888854,0.731727661349182,0.696590553644041,0.761964341570222,0.716817850067772,0.656865811698467,0.834323845271609,0.727557084766969,0.724220623501199,0.79626733395892
0.760921697424669,0.861745386299656,1,0.748827025336253,0.726305911792305,0.727348555937858,0.712438744656449,0.684912939213846,0.729642373058075,0.767386091127098,0.726514440621416,0.735064122614951,0.752267751016578,0.707642581586904,0.734230007298509,0.74622041497237,0.692107183818163,0.759149202377229,0.808362006047336,0.753831717234908,0.784276926285059,0.713377124387446,0.738087790637056,0.672922531539985,0.72953810864352,0.714002710874778,0.675737670732979,0.739026170368053,0.728078406839746,0.73464706495673,0.754353039307684,0.713168595558336,0.692107183818163,0.677822959024085,0.848295276822021,0.677301636951309,0.709310812219789,0.808883328120113,0.75132937128558,0.8047127515379,0.71108330726723,0.779480763215515,0.708685225732458,0.756855385257012,0.677301636951309,0.738192055051611,0.722969450526535,0.731519132520071,0.782712960066729,0.815034928578876,0.734959858200396,0.776144301949744,0.776874152851632,0.711604629340006,0.777604003753519,0.702429360859139,0.732770305494735,0.747367323532478,0.771452403294756,0.79960379522469,0.749661140652695,0.812428318214993,0.732978834323845,0.713794182045668,0.728912522156188,0.709623605463455,0.753310395162131,0.748931289750808,0.787300594307163,0.72463768115942,0.697424668960484,0.749035554165363,0.731206339276405,0.655614638723804,0.822437702012303,0.706287144197685,0.708163903659681,0.747054530288812
0.816077572724429,0.752997601918465,0.748827025336253,1,0.816703159211761,0.708893754561568,0.790324262329267,0.75132937128558,0.773120633927641,0.808779063705557,0.772077989782087,0.84631425294547,0.786153685747055,0.862058179543322,0.815034928578876,0.729642373058075,0.607965801272026,0.751954957772912,0.822646230841414,0.805025544781566,0.788551767281827,0.768741528516317,0.726514440621416,0.697633197789594,0.779063705557293,0.755812741111459,0.667083724324888,0.683036179751851,0.716087999165885,0.68950057345428,0.756542592013346,0.77645709519341,0.713272859972891,0.815139192993431,0.767907413199875,0.808779063705557,0.811177145240329,0.797101449275362,0.726618705035971,0.793973516838703,0.635700135543739,0.658012720258576,0.718381816286102,0.795328954227922,0.803565842977792,0.805234073610677,0.65926389323324,0.838807215097487,0.785111041601501,0.779272234386404,0.812428318214993,0.76290272130122,0.700448336982588,0.675216348660202,0.791679699718486,0.822229173183193,0.841935147534147,0.670315921176103,0.732561776665624,0.786987801063497,0.855698050255448,0.783547075383172,0.806068188927119,0.84985924304035,0.797205713689918,0.773746220414972,0.778229590240851,0.746950265874257,0.745699092899593,0.855280992597227,0.857053487644667,0.815660515066208,0.853925555208008,0.823376081743301,0.698884370764258,0.806693775414451,0.82984047544573,0.616828276509227
0.753727452820352,0.765926389323324,0.726305911792305,0.816703159211761,1,0.701595245542696,0.766969033468877,0.793660723595037,0.736419560004171,0.788551767281827,0.7998123240538,0.790011469085601,0.741737045146492,0.818892711917423,0.800854968199354,0.773850484829528,0.663017412157231,0.72463768115942,0.789073089354603,0.783338546554061,0.767698884370764,0.750599520383693,0.715045355020332,0.727452820352414,0.76446668751955,0.804817015952455,0.712960066729225,0.687623813992284,0.673548118027317,0.688874986966948,0.79136690647482,0.759149202377229,0.734542800542175,0.808674799291002,0.754353039307684,0.808779063705557,0.821603586695861,0.734751329371286,0.762485663642999,0.776040037535189,0.66948180585966,0.646543634657491,0.787613387550829,0.763215514544886,0.771243874465645,0.788134709623605,0.686789698675842,0.808362006047336,0.725888854134084,0.735272651444062,0.749035554165363,0.726827233865082,0.732561776665624,0.720675633406318,0.767490355541654,0.800333646126577,0.788343238452716,0.703472005004692,0.742362631633823,0.741528516317381,0.814409342091544,0.782712960066729,0.795641747471588,0.767281826712543,0.773641956000417,0.785006777186946,0.7379835262225,0.802210405588573,0.782817224481285,0.793347930351371,0.807006568658117,0.790845584402044,0.798873944322803,0.799186737566469,0.705348764466688,0.82963194661662,0.800854968199354,0.650401417996038
0.737879261807945,0.74111145865916,0.727348555937858,0.708893754561568,0.701595245542696,1,0.726097382963195,0.742154102804713,0.799395266395579,0.736836617662392,0.72953810864352,0.688040871650506,0.769054321759983,0.697528933375039,0.714106975289334,0.776978417266187,0.714315504118444,0.740485872171828,0.781774580335731,0.776040037535189,0.748097174434366,0.781253258262955,0.775935773120634,0.827129600667292,0.727140027108748,0.69950995725159,0.733395891982066,0.839432801584819,0.811594202898551,0.744135126681264,0.702742154102805,0.736628088833281,0.77979355645918,0.698571577520592,0.719945782504431,0.707851110416015,0.649567302679595,0.759983317693671,0.80648524658534,0.759149202377229,0.774371806902304,0.764570951934105,0.752163486602023,0.800333646126577,0.702637889688249,0.724533416744865,0.751642164529246,0.740798665415494,0.74799291001981,0.722969450526535,0.742154102804713,0.812115524971327,0.825565634448963,0.7477843811907,0.790219997914712,0.68772807840684,0.725159003232197,0.803357314148681,0.813888020018768,0.784902512772391,0.711396100510896,0.752059222187467,0.733917214054843,0.741841309561047,0.711500364925451,0.729329579814409,0.753831717234908,0.706078615368575,0.76133875508289,0.730163695130852,0.69460952976749,0.722656657282869,0.709206547805234,0.683453237410072,0.818579918673757,0.6761547283912,0.742466896048379,0.77468460014597
0.743196746950266,0.73287456990929,0.712438744656449,0.790324262329267,0.766969033468877,0.726097382963195,1,0.764570951934105,0.760504639766448,0.750286727140027,0.731936190178292,0.840996767803149,0.704306120321134,0.795641747471588,0.787404858721718,0.732457512251069,0.680221040558857,0.696799082473152,0.743301011364821,0.776352830778855,0.764883745177771,0.721926806380982,0.65613596079658,0.695235116254822,0.744552184339485,0.733812949640288,0.612136377854238,0.729225315399854,0.727244291523303,0.71775622979877,0.76623918256699,0.765509331665103,0.700656865811699,0.773537691585862,0.753623188405797,0.776978417266187,0.787092065478052,0.75132937128558,0.689604837868835,0.776144301949744,0.654780523407361,0.691898654989052,0.693462621207382,0.782087373579397,0.814930664164321,0.723595037013867,0.671462829736211,0.7811489938484,0.794182045667814,0.796058805129809,0.805859660098009,0.717339172140548,0.683036179751851,0.647377749973934,0.714211239703889,0.781461787092065,0.772807840683975,0.65102700448337,0.700761130226254,0.762694192472109,0.828276509227401,0.728808257741633,0.72776561359608,0.836617662391826,0.777082681680742,0.703784798248358,0.760608904181003,0.798352622250026,0.735585444687728,0.808257741632781,0.810030236680221,0.787196329892608,0.815869043895319,0.80137629027213,0.670003127932437,0.727557084766969,0.825565634448963,0.677405901365864
0.745490564070483,0.717026378896882,0.684912939213846,0.75132937128558,0.793660723595037,0.742154102804713,0.764570951934105,1,0.7811489938484,0.773850484829528,0.755291419038682,0.744239391095819,0.721614013137316,0.782087373579397,0.767386091127098,0.802106141174017,0.689813366697946,0.720988426649984,0.739338963611719,0.788238974038161,0.769054321759983,0.751537900114691,0.664894171619226,0.787613387550829,0.772495047440309,0.795328954227922,0.728495464497967,0.718798873944323,0.734125742883954,0.683974559482849,0.763111250130331,0.734021478469398,0.75466583255135,0.75956626003545,0.711917422583672,0.779689292044625,0.741632780731936,0.721926806380982,0.743613804608487,0.750912313627359,0.736523824418726,0.649567302679595,0.752684808674799,0.744969241997706,0.800959232613909,0.775101657804191,0.672714002710875,0.75800229381712,0.740173078928162,0.713898446460223,0.758732144719007,0.702325096444584,0.738504848295277,0.720362840162653,0.748409967678031,0.759149202377229,0.756751120842456,0.695026587425712,0.729329579814409,0.733500156396622,0.758210822646231,0.755291419038682,0.77468460014597,0.800750703784798,0.752684808674799,0.768428735272651,0.807319361901783,0.802523198832239,0.781253258262955,0.755082890209571,0.784172661870504,0.77447607131686,0.743509540193932,0.793452194765926,0.700865394640809,0.750078198310916,0.783859868626838,0.711813158169117
0.812532582629549,0.730059430716297,0.729642373058075,0.773120633927641,0.736419560004171,0.799395266395579,0.760504639766448,0.7811489938484,1,0.810864351996664,0.774163278073194,0.763111250130331,0.797622771348139,0.791783964133041,0.774163278073194,0.765717860494213,0.660515066207903,0.811594202898551,0.802418934417683,0.804191429465124,0.798978208737358,0.830257533103952,0.759044937962673,0.733083098738401,0.769888437076426,0.761860077155667,0.721926806380982,0.73287456990929,0.796163069544364,0.702637889688249,0.693983943280158,0.791888228547597,0.728703993327077,0.781983109164842,0.768741528516317,0.761860077155667,0.696486289229486,0.808779063705557,0.739130434782609,0.787509123136274,0.710561985194453,0.718277551871546,0.70107392346992,0.782608695652174,0.786466478990721,0.832134292565947,0.733500156396622,0.790637055572933,0.785111041601501,0.760504639766448,0.815139192993431,0.781253258262955,0.73110207486185,0.693149827963716,0.779376498800959,0.792826608278595,0.827963715983735,0.706599937441351,0.745907621728704,0.803044520905015,0.769158586174539,0.781253258262955,0.796892920446252,0.808570534876447,0.740068814513607,0.798769679908247,0.79803982900636,0.733187363152956,0.746741737045147,0.808362006047336,0.782400166823063,0.788968824940048,0.762172870399333,0.758106558231675,0.719737253675321,0.715775205922219,0.806693775414451,0.659993744135127
0.796058805129809,0.772599311854864,0.767386091127098,0.808779063705557,0.788551767281827,0.736836617662392,0.750286727140027,0.773850484829528,0.810864351996664,1,0.77291210509853,0.780419142946512,0.792201021791263,0.792618079449484,0.784798248357836,0.783234282139506,0.67949118965697,0.789073089354603,0.805546866854343,0.82963194661662,0.831508706078615,0.788343238452716,0.7713481388802,0.720362840162653,0.806172453341675,0.785632363674278,0.763632572203107,0.731206339276405,0.786153685747055,0.746428943801481,0.779897820873736,0.75956626003545,0.760608904181003,0.765300802835992,0.79960379522469,0.781878844750287,0.723177979355646,0.824418725888854,0.774580335731415,0.787926180794495,0.749973933896361,0.743509540193932,0.75445730372224,0.756542592013346,0.747888645605255,0.815034928578876,0.768324470858096,0.783130017724951,0.763841101032218,0.796371598373475,0.778438119069961,0.789385882598269,0.780940465019289,0.754248774893129,0.79626733395892,0.78803044520905,0.804191429465124,0.764570951934105,0.768637264101762,0.791992492962152,0.804608487123345,0.807319361901783,0.785006777186946,0.763111250130331,0.740485872171828,0.797727035762694,0.79449483891148,0.760504639766448,0.789281618183714,0.802731727661349,0.78448545511417,0.825044312376186,0.775101657804191,0.745803357314149,0.749348347409029,0.7428839537066,0.774788864560525,0.669169012615994
0.778542383484517,0.770931081221979,0.726514440621416,0.772077989782087,0.7998123240538,0.72953810864352,0.731936190178292,0.755291419038682,0.774163278073194,0.77291210509853,1,0.749139818579919,0.793660723595037,0.771973725367532,0.832342821395058,0.779063705557293,0.705765822124909,0.786153685747055,0.80784068397456,0.797935564591805,0.781461787092065,0.788551767281827,0.750912313627359,0.745386299655928,0.77802106141174,0.801063497028464,0.767177562297988,0.745594828485038,0.683557501824627,0.76957564383276,0.742988218121155,0.776874152851632,0.700552601397143,0.789698675841935,0.754561568136795,0.821707851110416,0.79115837764571,0.763945365446773,0.774371806902304,0.764779480763216,0.703054947346471,0.720779897820874,0.768428735272651,0.76467521634866,0.722656657282869,0.806693775414451,0.704097591492024,0.792096757376707,0.742362631633823,0.749244082994474,0.728391200083412,0.752684808674799,0.741737045146492,0.751954957772912,0.790428526743822,0.762381399228443,0.810864351996664,0.719737253675321,0.753831717234908,0.756751120842456,0.737879261807945,0.772495047440309,0.815243457407987,0.738087790637056,0.800750703784798,0.793973516838703,0.711917422583672,0.778229590240851,0.807423626316338,0.774371806902304,0.747158794703368,0.766864769054322,0.737149410906058,0.765613596079658,0.71952872484621,0.778542383484517,0.780836200604734,0.678135752267751
0.781044729433844,0.731727661349182,0.735064122614951,0.84631425294547,0.790011469085601,0.688040871650506,0.840996767803149,0.744239391095819,0.763111250130331,0.780419142946512,0.749139818579919,1,0.7379835262225,0.862058179543322,0.797518506933584,0.686268376603065,0.607340214784694,0.720467104577208,0.77468460014597,0.778959441142738,0.765613596079658,0.721405484308206,0.673339589198207,0.658221249087686,0.755708476696903,0.752267751016578,0.620790324262329,0.665936815764779,0.711917422583672,0.692002919403607,0.754040246064018,0.772703576269419,0.679074131998749,0.811594202898551,0.788134709623605,0.789177353769159,0.811594202898551,0.758523615889897,0.678448545511417,0.781461787092065,0.60608904181003,0.670107392346992,0.680221040558857,0.755917005526014,0.8429777916797,0.749765405067251,0.657595662600355,0.811906996142217,0.791992492962152,0.780940465019289,0.788238974038161,0.736419560004171,0.675216348660202,0.632467938692524,0.740381607757272,0.822229173183193,0.796684391617141,0.643415702220832,0.702533625273694,0.773016369513085,0.871963298926076,0.726410176206861,0.762485663642999,0.830674590762173,0.78782191637994,0.752267751016578,0.770305494734647,0.763215514544886,0.731936190178292,0.847773954749244,0.885413408403712,0.815869043895319,0.884162235429048,0.804399958294234,0.662391825669899,0.759357731206339,0.792513815034929,0.600771556667709
0.843082056094255,0.787092065478052,0.752267751016578,0.786153685747055,0.741737045146492,0.769054321759983,0.704306120321134,0.721614013137316,0.797622771348139,0.792201021791263,0.793660723595037,0.7379835262225,1,0.778959441142738,0.7713481388802,0.787717651965384,0.665832551350224,0.837347513293713,0.841726618705036,0.775518715462413,0.802627463246794,0.851631738087791,0.793347930351371,0.75800229381712,0.830674590762173,0.730476488374518,0.747263059117923,0.763632572203107,0.751225106871025,0.749452611823585,0.740590136586383,0.803878636221458,0.721718277551872,0.788134709623605,0.792826608278595,0.77447607131686,0.707225523928683,0.84475028672714,0.773433427171306,0.814930664164321,0.699405692837035,0.748201438848921,0.714941090605776,0.774580335731415,0.692107183818163,0.779897820873736,0.72109269106454,0.770305494734647,0.772286518611198,0.751850693358357,0.75956626003545,0.807215097487228,0.781253258262955,0.740381607757272,0.831612970493171,0.735585444687728,0.805546866854343,0.753623188405797,0.79626733395892,0.829214888958399,0.75466583255135,0.775310186633302,0.76780314878532,0.76133875508289,0.770201230320092,0.815347721822542,0.778125325826295,0.715358148263997,0.774997393389636,0.772807840683975,0.749765405067251,0.773433427171306,0.752684808674799,0.697320404545928,0.778646647899072,0.728182671254301,0.769888437076426,0.678031487853196
0.826191220936294,0.714732561776666,0.707642581586904,0.862058179543322,0.818892711917423,0.697528933375039,0.795641747471588,0.782087373579397,0.791783964133041,0.792618079449484,0.771973725367532,0.862058179543322,0.778959441142738,1,0.817224481284538,0.711396100510896,0.596392451256386,0.778750912313627,0.804817015952455,0.807632155145449,0.786570743405276,0.766551975810656,0.699927014909811,0.6810551558753,0.805025544781566,0.769471379418205,0.678657074340528,0.662287561255344,0.711187571681785,0.680846627046189,0.740798665415494,0.777395474924408,0.708789490147013,0.859451569179439,0.766969033468877,0.844958815556251,0.821082264623084,0.780731936190178,0.715253883849442,0.785528099259723,0.617245334167449,0.646647899072047,0.704723177979356,0.768115942028985,0.838285893024711,0.807423626316338,0.64456261078094,0.810343029923887,0.753310395162131,0.751850693358357,0.797518506933584,0.748618496507142,0.685121468042957,0.666353873423001,0.773641956000417,0.843603378167032,0.84808674799291,0.645813783755604,0.721614013137316,0.775831508706079,0.852882911062454,0.742154102804713,0.79136690647482,0.862266708372432,0.812324053800438,0.807423626316338,0.768532999687207,0.767907413199875,0.712438744656449,0.855593785840893,0.886977374622042,0.817433010113648,0.863622145761652,0.829736211031175,0.67104577207799,0.789490147012824,0.843916171410698,0.580231467000313
0.777916796997185,0.768845792930873,0.734230007298509,0.815034928578876,0.800854968199354,0.714106975289334,0.787404858721718,0.767386091127098,0.774163278073194,0.784798248357836,0.832342821395058,0.797518506933584,0.7713481388802,0.817224481284538,1,0.743405275779377,0.694505265352935,0.751746428943802,0.788447502867271,0.817745803357314,0.771035345636534,0.769158586174539,0.69773746220415,0.717234907725993,0.829736211031175,0.80314878531957,0.739234699197164,0.687206756334063,0.712960066729225,0.764153894275884,0.773433427171306,0.780210614117402,0.735793973516839,0.824940047961631,0.757689500573454,0.804817015952455,0.806380982170785,0.785006777186946,0.77645709519341,0.759983317693671,0.676571786049421,0.703889062662913,0.775727244291523,0.764049629861328,0.764570951934105,0.805234073610677,0.665102700448337,0.800437910541132,0.769262850589094,0.787196329892608,0.756542592013346,0.725367532061308,0.725888854134084,0.740902929830049,0.797101449275362,0.789490147012824,0.801480554686685,0.699718486080701,0.727557084766969,0.7379835262225,0.791471170889375,0.771243874465645,0.778333854655406,0.783547075383172,0.817641538942759,0.775414451047857,0.712960066729225,0.806798039829006,0.790324262329267,0.79313940152226,0.800750703784798,0.7998123240538,0.786570743405276,0.784172661870504,0.701803774371807,0.790637055572933,0.797935564591805,0.67104577207799
0.742571160462934,0.799395266395579,0.74622041497237,0.729642373058075,0.773850484829528,0.776978417266187,0.732457512251069,0.802106141174017,0.765717860494213,0.783234282139506,0.779063705557293,0.686268376603065,0.787717651965384,0.711396100510896,0.743405275779377,1,0.778646647899072,0.763528307788552,0.781044729433844,0.783234282139506,0.789073089354603,0.813470962360546,0.74622041497237,0.806589510999896,0.773746220414972,0.76801167761443,0.757272442915233,0.800333646126577,0.733291627567511,0.734855593785841,0.784798248357836,0.736940882076947,0.789907204671046,0.727661349181524,0.757376707329788,0.745490564070483,0.709936398707121,0.765509331665103,0.787196329892608,0.770096965905536,0.799916588468356,0.70128245229903,0.772703576269419,0.800020852882911,0.700239808153477,0.743613804608487,0.732144719007403,0.739651756855385,0.751225106871025,0.736628088833281,0.746428943801481,0.745282035241372,0.808779063705557,0.764570951934105,0.771765196538421,0.685329996872068,0.730059430716297,0.788238974038161,0.787926180794495,0.755395683453237,0.714419768533,0.77802106141174,0.76133875508289,0.725888854134084,0.714106975289334,0.754248774893129,0.800646439370243,0.745386299655928,0.808987592534668,0.723595037013867,0.697424668960484,0.756125534355125,0.691794390574497,0.71775622979877,0.777186946095298,0.740068814513607,0.762381399228443,0.773329162756751
0.614847252632676,0.75445730372224,0.692107183818163,0.607965801272026,0.663017412157231,0.714315504118444,0.680221040558857,0.689813366697946,0.660515066207903,0.67949118965697,0.705765822124909,0.607340214784694,0.665832551350224,0.596392451256386,0.694505265352935,0.778646647899072,1,0.655197581065582,0.654154936920029,0.667605046397664,0.663642998644563,0.724741945573976,0.723595037013867,0.778333854655406,0.689396309039725,0.704723177979356,0.790324262329267,0.745594828485038,0.729433844228965,0.773537691585862,0.73110207486185,0.679908247315191,0.748931289750808,0.658742571160463,0.687206756334063,0.650088624752372,0.630591179230529,0.655093316651027,0.775205922218747,0.654467730163695,0.845063079970806,0.754561568136795,0.785945156917944,0.676884579293087,0.585027630069857,0.653425086018142,0.751850693358357,0.663017412157231,0.701908038786362,0.685642790115733,0.632050881034303,0.694713794182046,0.757585236158899,0.814305077676989,0.648837451777708,0.585131894484412,0.633406318423522,0.774997393389636,0.732978834323845,0.634970284641852,0.610468147221353,0.672192680638098,0.657387133771244,0.630486914815973,0.650818475654259,0.673026795954541,0.66791783964133,0.699405692837035,0.721718277551872,0.610051089563132,0.582003962047753,0.651548326556146,0.579918673756647,0.626316338233761,0.748722760921697,0.66614534459389,0.635491606714628,0.835575018246273
0.835575018246273,0.749973933896361,0.759149202377229,0.751954957772912,0.72463768115942,0.740485872171828,0.696799082473152,0.720988426649984,0.811594202898551,0.789073089354603,0.786153685747055,0.720467104577208,0.837347513293713,0.778750912313627,0.751746428943802,0.763528307788552,0.655197581065582,1,0.812532582629549,0.794077781253258,0.810343029923887,0.841205296632259,0.81649463038265,0.718798873944323,0.787300594307163,0.725888854134084,0.754561568136795,0.742988218121155,0.731831925763737,0.710249191950787,0.706808466270462,0.816181837138984,0.70774684600146,0.76978417266187,0.782400166823063,0.783025753310395,0.705557293295798,0.812845375873214,0.746950265874257,0.781566051506621,0.682514857679074,0.760713168595558,0.697424668960484,0.75956626003545,0.697320404545928,0.800333646126577,0.74799291001981,0.773850484829528,0.71952872484621,0.745177770826817,0.764988009592326,0.795746011886143,0.769158586174539,0.733708685225732,0.820143884892086,0.755812741111459,0.815139192993431,0.727348555937858,0.773954749244083,0.811072880825774,0.740277343342717,0.777604003753519,0.782191637993953,0.736523824418726,0.794807632155145,0.810134501094776,0.757063914086122,0.722448128453759,0.741007194244604,0.782817224481285,0.749765405067251,0.79115837764571,0.733500156396622,0.701699509957252,0.744030862266708,0.71796475862788,0.755082890209571,0.639662183296841
0.848503805651131,0.803565842977792,0.808362006047336,0.822646230841414,0.789073089354603,0.781774580335731,0.743301011364821,0.739338963611719,0.802418934417683,0.805546866854343,0.80784068397456,0.77468460014597,0.841726618705036,0.804817015952455,0.788447502867271,0.781044729433844,0.654154936920029,0.812532582629549,1,0.809508914607444,0.822437702012303,0.799291001981024,0.785423834845167,0.746116150557815,0.787509123136274,0.757585236158899,0.699092899593369,0.771765196538421,0.737879261807945,0.7379835262225,0.759983317693671,0.810134501094776,0.73443853612762,0.782504431237619,0.831612970493171,0.77802106141174,0.739964550099051,0.855176728182671,0.779480763215515,0.854968199353561,0.699614221666145,0.7477843811907,0.741424251902826,0.804817015952455,0.736315295589615,0.797205713689918,0.709415076634345,0.813262433531436,0.794807632155145,0.794807632155145,0.771035345636534,0.837660306537379,0.775414451047857,0.718903138358878,0.853925555208008,0.784172661870504,0.829319153372954,0.747575852361589,0.82650401417996,0.868418308831196,0.814305077676989,0.832655614638724,0.805963924512564,0.802210405588573,0.797935564591805,0.787613387550829,0.767490355541654,0.747680116776144,0.788134709623605,0.816181837138984,0.76957564383276,0.786153685747055,0.800437910541132,0.742988218121155,0.778646647899072,0.763841101032218,0.814305077676989,0.677822959024085
0.800229381712022,0.759670524450005,0.753831717234908,0.805025544781566,0.783338546554061,0.776040037535189,0.776352830778855,0.788238974038161,0.804191429465124,0.82963194661662,0.797935564591805,0.778959441142738,0.775518715462413,0.807632155145449,0.817745803357314,0.783234282139506,0.667605046397664,0.794077781253258,0.809508914607444,1,0.844228964654363,0.77958502763007,0.752163486602023,0.737879261807945,0.808257741632781,0.787717651965384,0.737357939735168,0.747680116776144,0.745490564070483,0.743926597852153,0.76133875508289,0.774163278073194,0.735793973516839,0.793660723595037,0.75622979876968,0.811072880825774,0.770931081221979,0.782504431237619,0.773746220414972,0.802523198832239,0.704931706808466,0.73621103117506,0.765300802835992,0.80137629027213,0.77291210509853,0.824210197059744,0.734542800542175,0.803357314148681,0.742571160462934,0.797622771348139,0.780940465019289,0.771869460952977,0.772390783025753,0.737566468564279,0.808779063705557,0.798665415493692,0.816077572724429,0.757480971744344,0.767594619956209,0.817641538942759,0.784172661870504,0.787300594307163,0.808987592534668,0.779167969971849,0.782400166823063,0.774371806902304,0.762381399228443,0.805546866854343,0.806589510999896,0.838807215097487,0.809925972265666,0.821499322281305,0.780314878531957,0.758732144719007,0.768950057345428,0.771869460952977,0.791262642060265,0.678552809925972
0.817120216869982,0.78803044520905,0.784276926285059,0.788551767281827,0.767698884370764,0.748097174434366,0.764883745177771,0.769054321759983,0.798978208737358,0.831508706078615,0.781461787092065,0.765613596079658,0.802627463246794,0.786570743405276,0.771035345636534,0.789073089354603,0.663642998644563,0.810343029923887,0.822437702012303,0.844228964654363,1,0.783547075383172,0.757376707329788,0.725784589719529,0.808883328120113,0.774580335731415,0.730267959545407,0.76290272130122,0.763006985715775,0.738921905953498,0.7713481388802,0.780836200604734,0.721196955479095,0.776561359607966,0.803357314148681,0.792305286205818,0.733395891982066,0.818371389844646,0.757272442915233,0.818579918673757,0.705974350954019,0.753935981649463,0.743405275779377,0.775518715462413,0.753727452820352,0.811281409654885,0.761234490668335,0.81315816911688,0.775518715462413,0.811802731727661,0.801793347930351,0.815869043895319,0.790532791158378,0.725471796475863,0.787509123136274,0.77113961005109,0.810655823167553,0.762485663642999,0.794077781253258,0.833072672296945,0.790011469085601,0.802523198832239,0.795641747471588,0.783964133041393,0.768637264101762,0.765613596079658,0.796163069544364,0.79115837764571,0.793869252424148,0.822333437597748,0.805338338025232,0.854446877280784,0.786362214576165,0.742675424877489,0.787300594307163,0.746428943801481,0.770201230320092,0.689187780210614
0.795433218642477,0.742571160462934,0.713377124387446,0.768741528516317,0.750599520383693,0.781253258262955,0.721926806380982,0.751537900114691,0.830257533103952,0.788343238452716,0.788551767281827,0.721405484308206,0.851631738087791,0.766551975810656,0.769158586174539,0.813470962360546,0.724741945573976,0.841205296632259,0.799291001981024,0.77958502763007,0.783547075383172,1,0.792826608278595,0.787300594307163,0.795120425398811,0.723073714941091,0.76801167761443,0.764988009592326,0.772807840683975,0.712021686998227,0.713168595558336,0.7998123240538,0.772703576269419,0.778646647899072,0.759149202377229,0.766447711396101,0.694192472109269,0.790428526743822,0.778333854655406,0.760817433010114,0.732666041080179,0.721196955479095,0.721509748722761,0.809300385778334,0.730163695130852,0.790845584402044,0.714941090605776,0.780210614117402,0.778229590240851,0.730893546032739,0.783025753310395,0.766447711396101,0.75779376498801,0.760921697424669,0.80648524658534,0.74131998748827,0.811489938483995,0.735793973516839,0.763215514544886,0.780523407361068,0.728078406839746,0.76978417266187,0.77645709519341,0.778750912313627,0.759461995620895,0.809613179022,0.783651339797727,0.696486289229486,0.756751120842456,0.77291210509853,0.750703784798248,0.764988009592326,0.739026170368053,0.749765405067251,0.730789281618184,0.747888645605255,0.779376498800959,0.695443645083933
0.772807840683975,0.749765405067251,0.738087790637056,0.726514440621416,0.715045355020332,0.775935773120634,0.65613596079658,0.664894171619226,0.759044937962673,0.7713481388802,0.750912313627359,0.673339589198207,0.793347930351371,0.699927014909811,0.69773746220415,0.74622041497237,0.723595037013867,0.81649463038265,0.785423834845167,0.752163486602023,0.757376707329788,0.792826608278595,1,0.735064122614951,0.746011886143259,0.697111875716818,0.77979355645918,0.779063705557293,0.744135126681264,0.746533208216036,0.682410593264519,0.762798456886665,0.73110207486185,0.716400792409551,0.740485872171828,0.709415076634345,0.639870712125951,0.779272234386404,0.806589510999896,0.752789073089355,0.742154102804713,0.798456886664581,0.7428839537066,0.725159003232197,0.622875612553435,0.760087582108226,0.819726827233865,0.732978834323845,0.683870295068293,0.701178187884475,0.715149619434887,0.810343029923887,0.805025544781566,0.784589719528725,0.756751120842456,0.70618287978313,0.765300802835992,0.801584819101241,0.802523198832239,0.772286518611198,0.682931915337295,0.748827025336253,0.726305911792305,0.665624022521114,0.708059639245126,0.755499947867793,0.696590553644041,0.691168804087165,0.719737253675321,0.732144719007403,0.674277968929204,0.728391200083412,0.675529141903868,0.63455322698363,0.787404858721718,0.695860702742154,0.696277760400375,0.706808466270462
0.716609321238661,0.722135335210093,0.672922531539985,0.697633197789594,0.727452820352414,0.827129600667292,0.695235116254822,0.787613387550829,0.733083098738401,0.720362840162653,0.745386299655928,0.658221249087686,0.75800229381712,0.6810551558753,0.717234907725993,0.806589510999896,0.778333854655406,0.718798873944323,0.746116150557815,0.737879261807945,0.725784589719529,0.787300594307163,0.735064122614951,1,0.73464706495673,0.714315504118444,0.773224898342196,0.810238765509332,0.76467521634866,0.740381607757272,0.727557084766969,0.724116359086644,0.796892920446252,0.702325096444584,0.704306120321134,0.697633197789594,0.658116984673131,0.704097591492024,0.832759879053279,0.748097174434366,0.816911688040872,0.712438744656449,0.79449483891148,0.754874361380461,0.680742362631634,0.723073714941091,0.712438744656449,0.717651965384214,0.718381816286102,0.670837243248879,0.701699509957252,0.781670315921176,0.809091856949223,0.793035137107705,0.771869460952977,0.672505473881764,0.709310812219789,0.79960379522469,0.811802731727661,0.73443853612762,0.684912939213846,0.752267751016578,0.754561568136795,0.727244291523303,0.701490981128141,0.732666041080179,0.766969033468877,0.69794599103326,0.779897820873736,0.692211448232718,0.682931915337295,0.703263476175581,0.677093108122198,0.709102283390679,0.768532999687207,0.730163695130852,0.721822541966427,0.792618079449484
0.80137629027213,0.759357731206339,0.72953810864352,0.779063705557293,0.76446668751955,0.727140027108748,0.744552184339485,0.772495047440309,0.769888437076426,0.806172453341675,0.77802106141174,0.755708476696903,0.830674590762173,0.805025544781566,0.829736211031175,0.773746220414972,0.689396309039725,0.787300594307163,0.787509123136274,0.808257741632781,0.808883328120113,0.795120425398811,0.746011886143259,0.73464706495673,1,0.788656031696382,0.778542383484517,0.729642373058075,0.751016578041914,0.767386091127098,0.770409759149202,0.812845375873214,0.748827025336253,0.847356897091023,0.755499947867793,0.797414242519028,0.739756021269941,0.807632155145449,0.771556667709311,0.786153685747055,0.704201855906579,0.729642373058075,0.757689500573454,0.76978417266187,0.753831717234908,0.800750703784798,0.704827442393911,0.787404858721718,0.752059222187467,0.787092065478052,0.764779480763216,0.746741737045147,0.76957564383276,0.763319778959441,0.811177145240329,0.78959441142738,0.803878636221458,0.746533208216036,0.745177770826817,0.754770096965905,0.779897820873736,0.76801167761443,0.768845792930873,0.778646647899072,0.797101449275362,0.795954540715254,0.764362423104994,0.771035345636534,0.775414451047857,0.790532791158378,0.791054113231154,0.815973308309874,0.75289333750391,0.754040246064018,0.749869669481806,0.787613387550829,0.766551975810656,0.695130851840267
0.735376915858617,0.766343446981545,0.714002710874778,0.755812741111459,0.804817015952455,0.69950995725159,0.733812949640288,0.795328954227922,0.761860077155667,0.785632363674278,0.801063497028464,0.752267751016578,0.730476488374518,0.769471379418205,0.80314878531957,0.76801167761443,0.704723177979356,0.725888854134084,0.757585236158899,0.787717651965384,0.774580335731415,0.723073714941091,0.697111875716818,0.714315504118444,0.788656031696382,1,0.773433427171306,0.688457929308727,0.689187780210614,0.760191846522782,0.81138567406944,0.761651548326556,0.711396100510896,0.801167761443019,0.722448128453759,0.798352622250026,0.773224898342196,0.742675424877489,0.786466478990721,0.75289333750391,0.731414868105516,0.673860911270983,0.856010843499114,0.718590345115212,0.746428943801481,0.795641747471588,0.745177770826817,0.801480554686685,0.708372432488792,0.747575852361589,0.718381816286102,0.72286518611198,0.765926389323324,0.781774580335731,0.739338963611719,0.772390783025753,0.747054530288812,0.733917214054843,0.752372015431133,0.729433844228965,0.776665624022521,0.790845584402044,0.792305286205818,0.729955166301741,0.740485872171828,0.780836200604734,0.718173287456991,0.827233865081848,0.802835992075905,0.746846001459702,0.76446668751955,0.798352622250026,0.753414659576687,0.754770096965905,0.71619226358044,0.791888228547597,0.734751329371286,0.696486289229486
0.70795537483057,0.703263476175581,0.675737670732979,0.667083724324888,0.712960066729225,0.733395891982066,0.612136377854238,0.728495464497967,0.721926806380982,0.763632572203107,0.767177562297988,0.620790324262329,0.747263059117923,0.678657074340528,0.739234699197164,0.757272442915233,0.790324262329267,0.754561568136795,0.699092899593369,0.737357939735168,0.730267959545407,0.76801167761443,0.77979355645918,0.773224898342196,0.778542383484517,0.773433427171306,1,0.72442915233031,0.743718069023042,0.762798456886665,0.722239599624648,0.72797414242519,0.774059013658638,0.732457512251069,0.678135752267751,0.728391200083412,0.664268585131894,0.719841518089876,0.833489729955166,0.692524241476384,0.800333646126577,0.758210822646231,0.816911688040872,0.670732978834324,0.637889688249401,0.765509331665103,0.799916588468356,0.709832134292566,0.644875404024606,0.685329996872068,0.645709519341049,0.741528516317381,0.824210197059744,0.870086539464081,0.732144719007403,0.690543217599833,0.71129183609634,0.817224481284538,0.777082681680742,0.674277968929204,0.645188197268272,0.751746428943802,0.738817641538943,0.642477322489834,0.699927014909811,0.7713481388802,0.680533833802523,0.723490772599312,0.752684808674799,0.6712543009071,0.665102700448337,0.711917422583672,0.63257220310708,0.649150245021374,0.761547283912001,0.721926806380982,0.650401417996038,0.729329579814409
0.721822541966427,0.749244082994474,0.739026170368053,0.683036179751851,0.687623813992284,0.839432801584819,0.729225315399854,0.718798873944323,0.73287456990929,0.731206339276405,0.745594828485038,0.665936815764779,0.763632572203107,0.662287561255344,0.687206756334063,0.800333646126577,0.745594828485038,0.742988218121155,0.771765196538421,0.747680116776144,0.76290272130122,0.764988009592326,0.779063705557293,0.810238765509332,0.729642373058075,0.688457929308727,0.72442915233031,1,0.781983109164842,0.781253258262955,0.736315295589615,0.724324887915754,0.7762485663643,0.680638098217079,0.714106975289334,0.700969659055364,0.650192889166927,0.74955687623814,0.777499739338964,0.740590136586383,0.785423834845167,0.771869460952977,0.749452611823585,0.796788656031696,0.680533833802523,0.696590553644041,0.758315087060786,0.698675841935148,0.743822333437598,0.723803565842978,0.736106766760505,0.809404650192889,0.817015952455427,0.764883745177771,0.762277134813888,0.65769992701491,0.704306120321134,0.81315816911688,0.813679491189657,0.772599311854864,0.707434052757794,0.725784589719529,0.723073714941091,0.723490772599312,0.683348972995517,0.693671150036492,0.757585236158899,0.699405692837035,0.741737045146492,0.702429360859139,0.656448754040246,0.725993118548639,0.686685434261287,0.676780314878532,0.807944948389115,0.685121468042957,0.734542800542175,0.791575435303931
0.742362631633823,0.725576060890418,0.728078406839746,0.716087999165885,0.673548118027317,0.811594202898551,0.727244291523303,0.734125742883954,0.796163069544364,0.786153685747055,0.683557501824627,0.711917422583672,0.751225106871025,0.711187571681785,0.712960066729225,0.733291627567511,0.729433844228965,0.731831925763737,0.737879261807945,0.745490564070483,0.763006985715775,0.772807840683975,0.744135126681264,0.76467521634866,0.751016578041914,0.689187780210614,0.743718069023042,0.781983109164842,1,0.770096965905536,0.722239599624648,0.726514440621416,0.786362214576165,0.699718486080701,0.760087582108226,0.669169012615994,0.623188405797101,0.772390783025753,0.749244082994474,0.735064122614951,0.796371598373475,0.799082473151913,0.722031070795538,0.713481388802002,0.72776561359608,0.735272651444062,0.762172870399333,0.726722969450527,0.787092065478052,0.766656240225211,0.7762485663643,0.775935773120634,0.785423834845167,0.726410176206861,0.737357939735168,0.688249400479616,0.726097382963195,0.763215514544886,0.753310395162131,0.734125742883954,0.714211239703889,0.724012094672088,0.718590345115212,0.749661140652695,0.66948180585966,0.718798873944323,0.784798248357836,0.678865603169638,0.711396100510896,0.73464706495673,0.71619226358044,0.761755812741111,0.707016995099572,0.691690126159942,0.780106349702846,0.662496090084454,0.726305911792305,0.751225106871025
