1,0.771107801580937,0.810287547256272,0.799404284568679,0.779470729751403,0.720357429258793,0.803299347004239,0.851758506128995,0.81063122923588,0.784969641425135,0.836521938366365,0.804444953602933,0.806048802841104,0.775346545996105,0.845801351815786,0.788291900561347,0.808110894718754,0.799977087868026,0.803986710963455,0.845801351815786,0.796311146752205,0.820025203345171,0.794134494214687,0.823920265780731,0.806048802841104,0.760339099553213,0.815328216290526,0.783709474166571,0.823118341161645,0.799633405888418,0.854164279986253,0.798946041929201,0.792874326956123,0.776033909955321,0.807881773399015,0.772826211478978,0.736281360980639,0.791041356398213,0.804215832283194,0.713025547027151,0.787948218581739,0.816244701569481,0.81257876045366,0.79344713025547,0.765265207927598,0.769618513002635,0.800549891167373,0.826440600297858,0.827357085576813,0.771680604880284,0.788750143200825,0.790468553098866,0.827815328216291,0.786115248023829,0.786000687363959,0.779127047771795,0.790239431779127,0.729064039408867,0.790239431779127,0.819108718066216,0.793103448275862,0.809256501317448,0.758964371634781,0.728949478748998,0.71898270134036,0.855080765265208,0.758277007675564,0.788062779241608,0.768472906403941,0.768358345744071,0.772711650819109,0.779127047771795,0.693321113529614,0.797800435330507,0.818994157406347,0.808110894718754,0.818421354107,0.834001603849238,0.798029556650246
0.771107801580937,1,0.79356169091534,0.841562607400619,0.807194409439798,0.76091190285256,0.828044449536029,0.821056249283996,0.839958758162447,0.818879596746477,0.806507045480582,0.838584030244014,0.811318593195097,0.775575667315844,0.797914995990377,0.81257876045366,0.858975827700768,0.823347462481384,0.827127964257074,0.797685874670638,0.829075495474854,0.82208729522282,0.840875243441402,0.848665368312521,0.776721273914538,0.862756329476458,0.817161186848436,0.813266124412877,0.852904112727689,0.852102188108603,0.772367968839501,0.772367968839501,0.838469469584145,0.826669721617597,0.834230725168977,0.759308053614389,0.771336922900676,0.819681521365563,0.826898842937335,0.75724596173674,0.846832397754611,0.802955665024631,0.823805705120861,0.834230725168977,0.813609806392485,0.735479436361553,0.844082941917745,0.828960934814985,0.805132317562149,0.718753580020621,0.863672814755413,0.825524115018903,0.841562607400619,0.829648298774201,0.884064612212166,0.814640852331309,0.847748883033566,0.672241952113644,0.871119257646924,0.822316416542559,0.804330392943063,0.846832397754611,0.737885210218811,0.794249054874556,0.818421354107,0.769618513002635,0.851987627448734,0.86229808683698,0.819566960705694,0.835032649788063,0.86046511627907,0.871004696987055,0.696528812005957,0.739145377477374,0.753923702600527,0.84133348608088,0.84133348608088,0.823232901821515,0.80879825867797
0.810287547256272,0.79356169091534,1,0.855309886584947,0.848207125673044,0.756100355138046,0.844770305876962,0.843051895978921,0.848207125673044,0.833543361209761,0.824378508420208,0.855997250544163,0.842937335319051,0.76870202772368,0.829533738114332,0.822430977202429,0.798029556650246,0.805934242181235,0.828731813495246,0.803413907664108,0.851987627448734,0.837209302325581,0.844541184557223,0.843624699278268,0.818421354107,0.810287547256272,0.84328101729866,0.838927712223622,0.844197502577615,0.84133348608088,0.783594913506702,0.795280100813381,0.821056249283996,0.820712567304388,0.84316645663879,0.788177339901478,0.798373238629855,0.777752319853362,0.853018673387559,0.712109061748196,0.849352732271738,0.814411731011571,0.840760682781533,0.842937335319051,0.834918089128193,0.75151792874327,0.845915912475656,0.832855997250544,0.825294993699164,0.789093825180433,0.821056249283996,0.82208729522282,0.855997250544163,0.817275747508306,0.83549089242754,0.830221102073548,0.845915912475656,0.692404628250659,0.832855997250544,0.833772482529499,0.816702944208959,0.795967464772597,0.781876503608661,0.792416084316646,0.748997594226143,0.828502692175507,0.824951311719555,0.817161186848436,0.82414938710047,0.853362355367167,0.814182609691832,0.817619429487914,0.661931492725398,0.748539351586665,0.840760682781533,0.831481269332111,0.876389048000916,0.831023026692634,0.82414938710047
0.799404284568679,0.841562607400619,0.855309886584947,1,0.905143773628136,0.706495589414595,0.917287203574293,0.834230725168977,0.899415740634666,0.917287203574293,0.870546454347577,0.912475655859778,0.897124527437278,0.76285943407034,0.798029556650246,0.897239088097147,0.835949135067018,0.862641768816588,0.896895406117539,0.850269217550693,0.916256157635468,0.824263947760339,0.926222935044106,0.903769045709703,0.763775919349295,0.861725283537633,0.903196242410356,0.912819337839386,0.850956581509909,0.821514491923473,0.832512315270936,0.807308970099668,0.905487455607744,0.786458930003437,0.832283193951197,0.837782105624928,0.756329476457784,0.81635926222935,0.882231641654256,0.698247221903998,0.904227288349181,0.868598923129797,0.907778668805132,0.88521021881086,0.860923358918547,0.683812578760454,0.902852560430748,0.897353648757017,0.837094741665712,0.711078015809371,0.831023026692634,0.794936418833772,0.830679344713026,0.783022110207355,0.902279757131401,0.899988543934013,0.909497078703173,0.609806392484821,0.881773399014778,0.885897582770077,0.785657005384351,0.838469469584145,0.740749226715546,0.739603620116852,0.778897926452056,0.834345285828846,0.840417000801925,0.848207125673044,0.859090388360637,0.903883606369573,0.847978004353305,0.866995073891626,0.67304387673273,0.712452743727804,0.813380685072746,0.888188795967465,0.887501432008248,0.868255241150189,0.885439340130599
0.779470729751403,0.807194409439798,0.848207125673044,0.905143773628136,1,0.716576927483102,0.894145950280674,0.806277924160843,0.872379424905487,0.888647038606942,0.845572230496048,0.863672814755413,0.882231641654256,0.768358345744071,0.776721273914538,0.893344025661588,0.805246878222019,0.82987742009394,0.865276663993585,0.830335662733417,0.88142971703517,0.805705120861496,0.88910528124642,0.871004696987055,0.744758849810975,0.846374155115133,0.872952228204834,0.890594569824722,0.81063122923588,0.809141940657578,0.838698590903884,0.824722190399817,0.872264864245618,0.756902279757131,0.836178256386757,0.850154656890824,0.769160270363157,0.772597090159239,0.884293733531905,0.714285714285714,0.876732729980525,0.850956581509909,0.873181349524573,0.870317333027838,0.87764921525948,0.675564211249857,0.872837667544965,0.853133234047428,0.829533738114332,0.71703517012258,0.811318593195097,0.7667544965059,0.80685072746019,0.790812235078474,0.863787375415282,0.885783022110207,0.87764921525948,0.637759193492955,0.837782105624928,0.853591476686906,0.798029556650246,0.799977087868026,0.770764119601329,0.754954748539352,0.761713827471646,0.838698590903884,0.814297170351701,0.830335662733417,0.850612899530301,0.888990720586551,0.832855997250544,0.861037919578417,0.685416427998625,0.720930232558139,0.793905372894948,0.843739259938137,0.857715660442204,0.840760682781533,0.881086035055562
0.720357429258793,0.76091190285256,0.756100355138046,0.706495589414595,0.716576927483102,1,0.695726887386871,0.741665711994501,0.721846717837095,0.693893916828961,0.689998854393401,0.708099438652767,0.70168404170008,0.78393859548631,0.730897009966777,0.682094168862413,0.750945125443923,0.691946385611181,0.705808225455379,0.669034253637301,0.694466720128308,0.759651735593997,0.6941230381487,0.720242868598923,0.763317676709818,0.759766296253866,0.684614503379539,0.676366135868943,0.759995417573605,0.791041356398213,0.673960362011685,0.749799518845229,0.695154084087524,0.786688051323176,0.806621606140451,0.677855424447245,0.801695497766067,0.714400274945584,0.741780272654371,0.848321686332913,0.725283537633177,0.690113415053271,0.689884293733532,0.742925879253065,0.750945125443923,0.83365792186963,0.712223622408065,0.700309313781647,0.742009393974109,0.835949135067018,0.795967464772597,0.819452400045824,0.791270477717952,0.818077672127391,0.72081567189827,0.664451827242525,0.716576927483102,0.798602359949593,0.735823118341162,0.687707641196013,0.802611983045022,0.718639019360751,0.841104364761141,0.867224195211364,0.834574407148585,0.732844541184557,0.754725627219613,0.739603620116852,0.743155000572803,0.743498682552411,0.800549891167373,0.74189483331424,0.758277007675564,0.796082025432467,0.721503035857487,0.700767556421125,0.766525375186161,0.698476343223737,0.700309313781647
0.803299347004239,0.828044449536029,0.844770305876962,0.917287203574293,0.894145950280674,0.695726887386871,1,0.822545537862298,0.901706953832054,0.901477832512315,0.854049719326383,0.883148126933211,0.866651391912017,0.742009393974109,0.791385038377821,0.894260510940543,0.826784282277466,0.856226371863902,0.899186619314927,0.844312063237484,0.90250887845114,0.819681521365563,0.910642685301867,0.899873983274144,0.760797342192691,0.851873066788865,0.890365448504983,0.908924275403826,0.848436246992783,0.80501775690228,0.825638675678772,0.796998510711422,0.909153396723565,0.777523198533624,0.824951311719555,0.859090388360637,0.757704204376217,0.803757589643716,0.886355825409554,0.685187306678886,0.889792645205636,0.864474739374499,0.885783022110207,0.882231641654256,0.872837667544965,0.672127391453775,0.895749799518845,0.891854737083286,0.820368885324779,0.707870317333028,0.821629052583343,0.781876503608661,0.828159010195899,0.770649558941459,0.880513231756215,0.90434184900905,0.876274487341047,0.608660785886127,0.878794821858174,0.865505785313323,0.781303700309314,0.841677168060488,0.734792072402337,0.739374498797113,0.766067132546683,0.838698590903884,0.827815328216291,0.839271394203231,0.857715660442204,0.872493985565357,0.839042272883492,0.873639592164051,0.672356512773514,0.710390651850155,0.817504868828044,0.870775575667316,0.858403024401421,0.869400847748883,0.9120174132203
0.851758506128995,0.821056249283996,0.843051895978921,0.834230725168977,0.806277924160843,0.741665711994501,0.822545537862298,1,0.832855997250544,0.840187879482186,0.850269217550693,0.826898842937335,0.823691144460992,0.766181693206553,0.858403024401421,0.810516668576011,0.90250887845114,0.839615076182839,0.811318593195097,0.839156833543361,0.852445870088212,0.877305533279872,0.824607629739947,0.865391224653454,0.821399931263604,0.813953488372093,0.858632145721159,0.828617252835376,0.88154427769504,0.862641768816588,0.82987742009394,0.820712567304388,0.811891396494444,0.830793905372895,0.829190056134723,0.772826211478978,0.766983617825639,0.866651391912017,0.830564784053156,0.673387558712338,0.821170809943865,0.850154656890824,0.868255241150189,0.835147210447932,0.783365792186963,0.731584373925994,0.866536831252148,0.8757016840417,0.81452629167144,0.734104708443121,0.852904112727689,0.84133348608088,0.884866536831252,0.84316645663879,0.832054072631458,0.807767212739145,0.822774659182037,0.698132661244129,0.858746706381029,0.885783022110207,0.802497422385153,0.826898842937335,0.74957039752549,0.773399014778325,0.731355252606255,0.878222018558827,0.77821056249284,0.860235994959331,0.787489975942261,0.810974911215489,0.817848550807653,0.826096918318249,0.6578073089701,0.765036086607859,0.785313323404743,0.879138503837782,0.853476916027036,0.871119257646924,0.807652652079276
0.81063122923588,0.839958758162447,0.848207125673044,0.899415740634666,0.872379424905487,0.721846717837095,0.901706953832054,0.832855997250544,1,0.885668461450338,0.903769045709703,0.895062435559629,0.871233818306793,0.74957039752549,0.794821858173903,0.861496162217894,0.850154656890824,0.836751059686104,0.892542101042502,0.839729636842708,0.901592393172185,0.838927712223622,0.895749799518845,0.908351472104479,0.790812235078474,0.848665368312521,0.88715775002864,0.89678084545767,0.842249971359835,0.806621606140451,0.833199679230152,0.816244701569481,0.899530301294535,0.80112269446672,0.815099094970787,0.832970557910414,0.787031733302784,0.817963111467522,0.886814068049032,0.731698934585863,0.90239431779127,0.899530301294535,0.884408294191775,0.901477832512315,0.872837667544965,0.691602703631573,0.890021766525375,0.898270134035972,0.821285370603735,0.722075839156834,0.819796082025432,0.81257876045366,0.850383778210563,0.782334746248138,0.877534654599611,0.892198419062894,0.896437163478062,0.633405888417917,0.88154427769504,0.880169549776607,0.797113071371291,0.834803528468324,0.744873410470844,0.738687134837897,0.763088555390079,0.854966204605339,0.86424561805476,0.841562607400619,0.855424447244816,0.879367625157521,0.855309886584947,0.883491808912819,0.677397181807767,0.7514033680834,0.820025203345171,0.874899759422614,0.864589300034368,0.878565700538435,0.888417917287204
0.784969641425135,0.818879596746477,0.833543361209761,0.917287203574293,0.888647038606942,0.693893916828961,0.901477832512315,0.840187879482186,0.885668461450338,1,0.853362355367167,0.884751976171383,0.883148126933211,0.748424790926796,0.803757589643716,0.865620345973193,0.836865620345973,0.863100011456066,0.896895406117539,0.845915912475656,0.937793561690915,0.824263947760339,0.894375071600412,0.906518501546569,0.743155000572803,0.870661015007446,0.902279757131401,0.92542101042502,0.844541184557223,0.809600183297056,0.827471646236682,0.818994157406347,0.907320426165655,0.764692404628251,0.820598006644518,0.83182495131172,0.761370145492038,0.821629052583343,0.880169549776607,0.679688395005155,0.899415740634666,0.883720930232558,0.916714400274946,0.884293733531905,0.859319509680376,0.650819108718066,0.916370718295337,0.901477832512315,0.816702944208959,0.703746133577729,0.823232901821515,0.775919349295452,0.821285370603735,0.775461106655974,0.874556077443006,0.898842937335319,0.880856913735823,0.599266811776836,0.888417917287204,0.90628938022683,0.779470729751403,0.822889219841906,0.730209646007561,0.740978348035285,0.755985794478176,0.835949135067018,0.812922442433268,0.83743842364532,0.833199679230152,0.872493985565357,0.844770305876962,0.866765952571887,0.675105968610379,0.710848894489632,0.787260854622523,0.902165196471532,0.861610722877764,0.880856913735823,0.903998167029442
0.836521938366365,0.806507045480582,0.824378508420208,0.870546454347577,0.845572230496048,0.689998854393401,0.854049719326383,0.850269217550693,0.903769045709703,0.853362355367167,1,0.859548631000115,0.869859090388361,0.796769389391683,0.828044449536029,0.834688967808455,0.848779928972391,0.795967464772597,0.849925535571085,0.883033566273342,0.865391224653454,0.833428800549891,0.861381601558025,0.85657005384351,0.828617252835376,0.806048802841104,0.882346202314125,0.852331309428342,0.810172986596403,0.800206209187765,0.870088211708099,0.820827127964257,0.844082941917745,0.771107801580937,0.772940772138847,0.781418260969183,0.759766296253866,0.807194409439798,0.843051895978921,0.737885210218811,0.866651391912017,0.887615992668118,0.879367625157521,0.843968381257876,0.830221102073548,0.718639019360751,0.863672814755413,0.879711307137129,0.860006873639592,0.731011570626647,0.784053156146179,0.789895749799519,0.821514491923473,0.770420437621721,0.852331309428342,0.857142857142857,0.859548631000115,0.667086722419521,0.836407377706496,0.885668461450338,0.787489975942261,0.857486539122465,0.746248138389277,0.702944208958644,0.762172070111124,0.851987627448734,0.830793905372895,0.836751059686104,0.821743613243212,0.847748883033566,0.813151563753007,0.840875243441402,0.696185130026349,0.775919349295452,0.818421354107,0.872379424905487,0.830908466032764,0.86802611983045,0.836178256386757
0.804444953602933,0.838584030244014,0.855997250544163,0.912475655859778,0.863672814755413,0.708099438652767,0.883148126933211,0.826898842937335,0.895062435559629,0.884751976171383,0.859548631000115,1,0.873295910184443,0.759422614274258,0.790468553098866,0.864016496735021,0.826096918318249,0.839500515522969,0.877878336579219,0.833085118570283,0.88532477947073,0.808225455378623,0.900790468553099,0.88727231068851,0.76102646351243,0.823232901821515,0.875472562721961,0.877763775919349,0.842479092679574,0.807308970099668,0.839156833543361,0.796082025432467,0.878680261198304,0.786229808683698,0.812120517814183,0.816932065528697,0.754725627219613,0.80879825867797,0.855882689884294,0.719326383319968,0.879711307137129,0.854164279986253,0.889448963226028,0.870088211708099,0.846488715775003,0.695497766067133,0.887730553327987,0.878336579218696,0.818994157406347,0.711765379768587,0.811547714514836,0.790583113758735,0.825867796998511,0.772711650819109,0.900905029212968,0.87386871348379,0.900103104593882,0.621720701111238,0.870088211708099,0.864589300034368,0.779012487111926,0.834574407148585,0.732729980524688,0.745789895749799,0.76102646351243,0.815786458930003,0.843395577958529,0.832626875930805,0.842822774659182,0.880971474395693,0.830335662733417,0.853935158666514,0.65769274831023,0.712681865047543,0.801924619085806,0.872379424905487,0.873295910184443,0.865276663993585,0.853133234047428
0.806048802841104,0.811318593195097,0.842937335319051,0.897124527437278,0.882231641654256,0.70168404170008,0.866651391912017,0.823691144460992,0.871233818306793,0.883148126933211,0.869859090388361,0.873295910184443,1,0.784396838125788,0.786573490663306,0.848436246992783,0.820598006644518,0.810172986596403,0.897582770076756,0.850956581509909,0.889907205865506,0.81647382288922,0.884522854851644,0.862527208156719,0.750257761484706,0.832626875930805,0.904800091648528,0.880513231756215,0.802841104364761,0.826555160957727,0.814869973651048,0.839844197502578,0.88142971703517,0.73238629854508,0.829304616794593,0.791957841677168,0.750143200824837,0.79734219269103,0.887043189368771,0.704433497536946,0.87764921525948,0.865849467292932,0.903883606369573,0.84511398785657,0.853362355367167,0.704204376217207,0.858632145721159,0.881086035055562,0.866651391912017,0.704662618856685,0.782678428227747,0.765150647267728,0.791270477717952,0.790124871119258,0.870661015007446,0.885095658150991,0.876274487341047,0.629739947302096,0.84900905029213,0.882002520334517,0.82598235765838,0.817161186848436,0.71898270134036,0.71898270134036,0.731011570626647,0.821972734562951,0.804444953602933,0.853706037346775,0.824951311719555,0.888761599266812,0.807881773399015,0.848436246992783,0.715889563523886,0.749799518845229,0.769389391682896,0.883606369572689,0.843968381257876,0.860235994959331,0.855195325925077
0.775346545996105,0.775575667315844,0.76870202772368,0.76285943407034,0.768358345744071,0.78393859548631,0.742009393974109,0.766181693206553,0.74957039752549,0.748424790926796,0.796769389391683,0.759422614274258,0.784396838125788,1,0.800779012487112,0.734333829762859,0.781189139649444,0.704548058196815,0.749112154886012,0.804674074922672,0.753121777981441,0.754152823920266,0.744987971130714,0.753465459961049,0.741551151334632,0.765723450567075,0.772138847519762,0.736854164279986,0.738687134837897,0.779814411731012,0.791728720357429,0.810974911215489,0.720128307939054,0.706266468094856,0.77821056249284,0.687020277236797,0.777408637873754,0.731126131286516,0.794936418833772,0.811891396494444,0.744529728491236,0.760682781532822,0.771222362240807,0.782563867567877,0.758735250315042,0.816932065528697,0.761713827471646,0.777064955894146,0.866651391912017,0.824951311719555,0.75518386985909,0.74567533508993,0.755756673158437,0.784167716806049,0.746706381028755,0.722877763775919,0.755527551838699,0.756902279757131,0.764921525947989,0.777294077213885,0.767327299805247,0.785313323404743,0.818879596746477,0.789322946500172,0.832283193951197,0.731928055905602,0.723336006415397,0.802153740405545,0.753694581280788,0.777179516554015,0.779012487111926,0.789093825180433,0.798373238629855,0.802955665024631,0.713942032306106,0.782334746248138,0.746362699049147,0.778668805132318,0.739259938137244
0.845801351815786,0.797914995990377,0.829533738114332,0.798029556650246,0.776721273914538,0.730897009966777,0.791385038377821,0.858403024401421,0.794821858173903,0.803757589643716,0.828044449536029,0.790468553098866,0.786573490663306,0.800779012487112,1,0.761942948791385,0.831939511971589,0.788291900561347,0.778325123152709,0.827700767556421,0.796769389391683,0.836292817046626,0.781074578989575,0.810402107916142,0.839271394203231,0.802268301065414,0.810058425936533,0.771795165540153,0.844197502577615,0.858746706381029,0.812922442433268,0.778783365792187,0.775002864016497,0.825065872379425,0.823462023141253,0.749226715545882,0.766296253866422,0.816702944208959,0.792530644976515,0.704318936877076,0.774200939397411,0.810974911215489,0.808454576698362,0.812922442433268,0.778783365792187,0.773971818077672,0.796196586092336,0.832397754611067,0.827586206896552,0.816588383549089,0.858403024401421,0.819337839385955,0.840417000801925,0.843395577958529,0.772711650819109,0.765608889907206,0.772367968839501,0.745331653110322,0.827586206896552,0.82025432466491,0.793332569595601,0.828273570855768,0.786688051323176,0.766067132546683,0.768472906403941,0.826440600297858,0.77431550005728,0.84511398785657,0.776492152594799,0.778897926452056,0.801580937106198,0.825867796998511,0.688738687134838,0.815442776950395,0.820139764005041,0.828502692175507,0.815213655630656,0.851873066788865,0.786115248023829
0.788291900561347,0.81257876045366,0.822430977202429,0.897239088097147,0.893344025661588,0.682094168862413,0.894260510940543,0.810516668576011,0.861496162217894,0.865620345973193,0.834688967808455,0.864016496735021,0.848436246992783,0.734333829762859,0.761942948791385,1,0.805819681521366,0.825867796998511,0.858975827700768,0.838469469584145,0.871004696987055,0.794592736854164,0.895406117539237,0.864016496735021,0.737541528239203,0.830221102073548,0.873983274143659,0.883606369572689,0.813037003093138,0.777179516554015,0.833085118570283,0.784053156146179,0.87192118226601,0.759766296253866,0.795738343452858,0.854164279986253,0.73238629854508,0.774086378737541,0.851643945469126,0.668805132317562,0.867682437850842,0.846259594455264,0.86046511627907,0.850498338870432,0.832626875930805,0.663993584603047,0.873181349524573,0.84706151907435,0.803757589643716,0.682094168862413,0.790583113758735,0.763432237369687,0.805819681521366,0.748768472906404,0.860694237598809,0.894604192920151,0.867224195211364,0.613586894260511,0.842708213999313,0.850956581509909,0.752548974682094,0.794363615534425,0.727345629510826,0.719097262000229,0.738687134837897,0.825524115018903,0.801810058425937,0.807308970099668,0.840187879482186,0.852216748768473,0.806392484820713,0.834116164509108,0.659182036888532,0.68828044449536,0.796540268071944,0.846145033795395,0.84316645663879,0.837209302325581,0.884408294191775
0.808110894718754,0.858975827700768,0.798029556650246,0.835949135067018,0.805246878222019,0.750945125443923,0.826784282277466,0.90250887845114,0.850154656890824,0.836865620345973,0.848779928972391,0.826096918318249,0.820598006644518,0.781189139649444,0.831939511971589,0.805819681521366,1,0.823920265780731,0.816244701569481,0.83171039065185,0.85462252262573,0.870546454347577,0.818077672127391,0.876961851300263,0.82220185588269,0.83743842364532,0.850269217550693,0.82987742009394,0.865391224653454,0.856340932523771,0.826326039637988,0.821743613243212,0.825753236338641,0.830221102073548,0.802955665024631,0.766525375186161,0.79161415969756,0.890823691144461,0.842593653339443,0.715889563523886,0.841906289380227,0.857601099782335,0.863100011456066,0.851529384809256,0.791270477717952,0.73032420666743,0.863443693435674,0.88521021881086,0.817848550807653,0.714743956925192,0.850727460190171,0.844426623897354,0.871462939626532,0.834803528468324,0.846603276434872,0.802153740405545,0.823576583801123,0.698476343223737,0.880856913735823,0.880398671096346,0.792301523656776,0.859319509680376,0.727689311490434,0.765723450567075,0.780272654370489,0.844884866536831,0.819566960705694,0.891511055103677,0.79928972390881,0.814297170351701,0.850498338870432,0.839958758162447,0.681521365563066,0.757360522396609,0.747393744987971,0.87948218581739,0.824951311719555,0.887959674647726,0.819910642685302
0.799977087868026,0.823347462481384,0.805934242181235,0.862641768816588,0.82987742009394,0.691946385611181,0.856226371863902,0.839615076182839,0.836751059686104,0.863100011456066,0.795967464772597,0.839500515522969,0.810172986596403,0.704548058196815,0.788291900561347,0.825867796998511,0.823920265780731,1,0.835376331767671,0.794478176194295,0.858861267040898,0.809485622637186,0.842020850040096,0.875014320082484,0.741665711994501,0.807308970099668,0.840073318822316,0.84511398785657,0.858403024401421,0.80490319624241,0.791155917058082,0.775346545996105,0.857257417802727,0.785198762744873,0.813380685072746,0.865391224653454,0.733531905143774,0.881315156375301,0.832397754611067,0.668117768358346,0.82987742009394,0.826784282277466,0.847176079734219,0.829419177454462,0.805132317562149,0.665597433841219,0.863558254095544,0.857142857142857,0.773055332798717,0.688738687134838,0.813037003093138,0.782220185588269,0.829190056134723,0.771909726200023,0.84328101729866,0.83182495131172,0.827815328216291,0.612212166342078,0.851643945469126,0.847748883033566,0.748653912246535,0.794592736854164,0.716576927483102,0.743613243212281,0.719211822660099,0.82598235765838,0.788291900561347,0.819452400045824,0.800549891167373,0.824951311719555,0.809829304616795,0.828617252835376,0.628479780043533,0.697216175965174,0.791957841677168,0.839500515522969,0.838354908924275,0.855768129224424,0.831023026692634
0.803986710963455,0.827127964257074,0.828731813495246,0.896895406117539,0.865276663993585,0.705808225455379,0.899186619314927,0.811318593195097,0.892542101042502,0.896895406117539,0.849925535571085,0.877878336579219,0.897582770076756,0.749112154886012,0.778325123152709,0.858975827700768,0.816244701569481,0.835376331767671,1,0.833543361209761,0.911673731240692,0.815099094970787,0.882689884293734,0.886584946729293,0.747737426967579,0.853706037346775,0.882117080994387,0.912361095199908,0.82208729522282,0.792874326956123,0.798602359949593,0.811891396494444,0.915568793676252,0.761484706151907,0.827013403597205,0.823118341161645,0.767785542444725,0.79734219269103,0.900790468553099,0.70741207469355,0.890021766525375,0.877305533279872,0.884866536831252,0.865047542673846,0.857486539122465,0.682437850842021,0.881315156375301,0.881086035055562,0.832054072631458,0.712910986367281,0.797571314010769,0.784625959445526,0.820139764005041,0.763546798029557,0.874556077443006,0.897926452056364,0.873525031504181,0.610035513804559,0.867109634551495,0.875358002062092,0.799404284568679,0.816702944208959,0.727689311490434,0.727460190170695,0.749112154886012,0.828617252835376,0.825294993699164,0.822774659182037,0.846259594455264,0.869744529728491,0.826440600297858,0.870890136327185,0.695497766067133,0.720930232558139,0.794821858173903,0.860694237598809,0.847176079734219,0.856340932523771,0.882002520334517
0.845801351815786,0.797685874670638,0.803413907664108,0.850269217550693,0.830335662733417,0.669034253637301,0.844312063237484,0.839156833543361,0.839729636842708,0.845915912475656,0.883033566273342,0.833085118570283,0.850956581509909,0.804674074922672,0.827700767556421,0.838469469584145,0.83171039065185,0.794478176194295,0.833543361209761,1,0.859319509680376,0.817963111467522,0.850040096230954,0.838584030244014,0.779928972390881,0.809600183297056,0.894375071600412,0.85084202085004,0.793103448275862,0.798487799289724,0.863558254095544,0.806507045480582,0.838240348264406,0.747851987627449,0.767785542444725,0.781074578989575,0.735593997021423,0.788979264520564,0.821858173903082,0.68644747393745,0.847290640394089,0.885668461450338,0.882231641654256,0.832855997250544,0.79917516324894,0.703860694237599,0.853935158666514,0.856913735823118,0.856455493183641,0.718295337381143,0.779127047771795,0.761370145492038,0.801924619085806,0.76870202772368,0.830221102073548,0.843968381257876,0.842249971359835,0.658952915568794,0.837667544965059,0.888990720586551,0.760339099553213,0.83743842364532,0.73994730209646,0.699163707182953,0.753121777981441,0.821170809943865,0.787146293962653,0.821743613243212,0.795280100813381,0.814411731011571,0.78783365792187,0.808683698018101,0.703402451598121,0.756787719097262,0.781647382288922,0.872723106885096,0.822774659182037,0.860121434299462,0.849352732271738
0.796311146752205,0.829075495474854,0.851987627448734,0.916256157635468,0.88142971703517,0.694466720128308,0.90250887845114,0.852445870088212,0.901592393172185,0.937793561690915,0.865391224653454,0.88532477947073,0.889907205865506,0.753121777981441,0.796769389391683,0.871004696987055,0.85462252262573,0.858861267040898,0.911673731240692,0.859319509680376,1,0.828273570855768,0.893573146981327,0.912819337839386,0.758849810974911,0.871692060946271,0.907664108145263,0.935616909153397,0.849467292931607,0.813609806392485,0.823691144460992,0.816588383549089,0.914308626417688,0.773513575438195,0.815442776950395,0.82987742009394,0.760797342192691,0.825409554359033,0.895176996219498,0.680490319624241,0.916485278955207,0.89300034368198,0.91591247565586,0.884866536831252,0.855309886584947,0.663306220643831,0.932065528697445,0.913048459159125,0.831252148012373,0.702256844999427,0.813266124412877,0.788177339901478,0.835834574407149,0.773284454118456,0.876503608660786,0.911788291900561,0.883950051552297,0.600985221674877,0.901363271852446,0.91006988200252,0.778439683812579,0.830106541413679,0.731928055905602,0.73811433153855,0.757475083056478,0.841104364761141,0.818077672127391,0.841906289380227,0.849581853591477,0.879711307137129,0.840989804101272,0.871462939626532,0.672012830793905,0.709588727231069,0.794019933554817,0.906174819566961,0.868598923129797,0.886470386069424,0.902279757131401
0.820025203345171,0.82208729522282,0.837209302325581,0.824263947760339,0.805705120861496,0.759651735593997,0.819681521365563,0.877305533279872,0.838927712223622,0.824263947760339,0.833428800549891,0.808225455378623,0.81647382288922,0.754152823920266,0.836292817046626,0.794592736854164,0.870546454347577,0.809485622637186,0.815099094970787,0.817963111467522,0.828273570855768,1,0.802726543704892,0.843739259938137,0.852674991407951,0.811318593195097,0.842937335319051,0.826898842937335,0.85851758506129,0.882689884293734,0.790812235078474,0.818077672127391,0.815442776950395,0.851758506128995,0.809829304616795,0.769733073662504,0.783594913506702,0.84133348608088,0.830450223393287,0.706495589414595,0.834116164509108,0.862183526177111,0.846603276434872,0.841906289380227,0.800435330507504,0.758735250315042,0.834116164509108,0.869629969068622,0.792186962996907,0.747508305647841,0.870661015007446,0.868942605109405,0.887730553327987,0.860923358918547,0.821170809943865,0.795509222133119,0.830450223393287,0.71130713712911,0.83182495131172,0.862527208156719,0.832855997250544,0.842364532019704,0.752892656661702,0.778554244472448,0.764234161988773,0.886584946729293,0.822316416542559,0.848436246992783,0.798602359949593,0.804215832283194,0.817963111467522,0.818650475426739,0.663191659983962,0.778439683812579,0.790010310459388,0.844197502577615,0.855653568564555,0.869629969068622,0.804101271623325
0.794134494214687,0.840875243441402,0.844541184557223,0.926222935044106,0.88910528124642,0.6941230381487,0.910642685301867,0.824607629739947,0.895749799518845,0.894375071600412,0.861381601558025,0.900790468553099,0.884522854851644,0.744987971130714,0.781074578989575,0.895406117539237,0.818077672127391,0.842020850040096,0.882689884293734,0.850040096230954,0.893573146981327,0.802726543704892,1,0.884751976171383,0.743384121892542,0.846145033795395,0.894718753580021,0.897009966777409,0.825753236338641,0.803413907664108,0.820598006644518,0.792416084316646,0.900217665253752,0.766525375186161,0.82792988887616,0.828617252835376,0.734333829762859,0.789322946500172,0.865047542673846,0.695268644747394,0.889792645205636,0.852560430748081,0.897009966777409,0.870775575667316,0.874212395463398,0.668232329018215,0.886355825409554,0.868713483789667,0.821285370603735,0.693206552869745,0.804444953602933,0.773628136098064,0.811891396494444,0.762630312750601,0.894718753580021,0.912361095199908,0.917058082254554,0.598121205178142,0.861610722877764,0.864818421354107,0.790697674418605,0.812807881773399,0.730667888647039,0.735479436361553,0.761942948791385,0.819452400045824,0.836521938366365,0.82208729522282,0.861381601558025,0.897697330736625,0.833085118570283,0.879138503837782,0.677168060488028,0.705808225455379,0.804674074922672,0.864360178714629,0.886814068049032,0.852445870088212,0.874441516783137
0.823920265780731,0.848665368312521,0.843624699278268,0.903769045709703,0.871004696987055,0.720242868598923,0.899873983274144,0.865391224653454,0.908351472104479,0.906518501546569,0.85657005384351,0.88727231068851,0.862527208156719,0.753465459961049,0.810402107916142,0.864016496735021,0.876961851300263,0.875014320082484,0.886584946729293,0.838584030244014,0.912819337839386,0.843739259938137,0.884751976171383,1,0.777752319853362,0.856913735823118,0.880742353075954,0.89861381601558,0.865849467292932,0.81830679344713,0.838927712223622,0.817848550807653,0.89288578302211,0.80685072746019,0.83365792186963,0.825180433039294,0.782449306908008,0.858288463741551,0.884522854851644,0.703287890938252,0.884064612212166,0.882804444953603,0.895176996219498,0.887043189368771,0.853133234047428,0.687020277236797,0.9120174132203,0.916599839615076,0.824493069080078,0.721617596517356,0.82987742009394,0.802726543704892,0.850154656890824,0.790353992438996,0.88142971703517,0.868828044449536,0.880398671096346,0.632260281819223,0.890250887845114,0.900103104593882,0.779928972390881,0.837782105624928,0.741665711994501,0.748310230266926,0.764692404628251,0.859548631000115,0.831939511971589,0.853018673387559,0.847176079734219,0.867453316531103,0.856226371863902,0.871348378966663,0.677168060488028,0.725741780272654,0.80879825867797,0.880169549776607,0.865964027952801,0.901019589872838,0.88521021881086
0.806048802841104,0.776721273914538,0.818421354107,0.763775919349295,0.744758849810975,0.763317676709818,0.760797342192691,0.821399931263604,0.790812235078474,0.743155000572803,0.828617252835376,0.76102646351243,0.750257761484706,0.741551151334632,0.839271394203231,0.737541528239203,0.82220185588269,0.741665711994501,0.747737426967579,0.779928972390881,0.758849810974911,0.852674991407951,0.743384121892542,0.777752319853362,1,0.768014663764463,0.776721273914538,0.745102531790583,0.816588383549089,0.821056249283996,0.769045709703288,0.757818765036087,0.742811318593195,0.867109634551495,0.776148470615191,0.730095085347692,0.772138847519762,0.790697674418605,0.772711650819109,0.750716004124184,0.781189139649444,0.784282277465918,0.771909726200023,0.784625959445526,0.759422614274258,0.81647382288922,0.767670981784855,0.788291900561347,0.797914995990377,0.792416084316646,0.815442776950395,0.863443693435674,0.839156833543361,0.824493069080078,0.77443006071715,0.731126131286516,0.773399014778325,0.776148470615191,0.781647382288922,0.782563867567877,0.803986710963455,0.837323862985451,0.77053499828159,0.768014663764463,0.767900103104594,0.822889219841906,0.813151563753007,0.791385038377821,0.766296253866422,0.766410814526292,0.792988887615993,0.771909726200023,0.672814755412991,0.781647382288922,0.814297170351701,0.788062779241608,0.799060602589071,0.80112269446672,0.751174246763661
0.760339099553213,0.862756329476458,0.810287547256272,0.861725283537633,0.846374155115133,0.759766296253866,0.851873066788865,0.813953488372093,0.848665368312521,0.870661015007446,0.806048802841104,0.823232901821515,0.832626875930805,0.765723450567075,0.802268301065414,0.830221102073548,0.83743842364532,0.807308970099668,0.853706037346775,0.809600183297056,0.871692060946271,0.811318593195097,0.846145033795395,0.856913735823118,0.768014663764463,1,0.852904112727689,0.854966204605339,0.820368885324779,0.817504868828044,0.77626303127506,0.788177339901478,0.859090388360637,0.798716920609463,0.838813151563753,0.794592736854164,0.785542444724482,0.791041356398213,0.851643945469126,0.727231068850957,0.8603505556192,0.828159010195899,0.846717837094742,0.880284110436476,0.834918089128193,0.701569481040211,0.861496162217894,0.839958758162447,0.816817504868828,0.719211822660099,0.837094741665712,0.80490319624241,0.838354908924275,0.830793905372895,0.841448046740749,0.847405201053958,0.837896666284798,0.648413334860809,0.872035742925879,0.842020850040096,0.816244701569481,0.814755412991179,0.775002864016497,0.797227632031161,0.830793905372895,0.790239431779127,0.836865620345973,0.831137587352503,0.832397754611067,0.843510138618398,0.858632145721159,0.893916828960935,0.731355252606255,0.748768472906404,0.76858746706381,0.860808798258678,0.826211478978119,0.819566960705694,0.868828044449536
0.815328216290526,0.817161186848436,0.84328101729866,0.903196242410356,0.872952228204834,0.684614503379539,0.890365448504983,0.858632145721159,0.88715775002864,0.902279757131401,0.882346202314125,0.875472562721961,0.904800091648528,0.772138847519762,0.810058425936533,0.873983274143659,0.850269217550693,0.840073318822316,0.882117080994387,0.894375071600412,0.907664108145263,0.842937335319051,0.894718753580021,0.880742353075954,0.776721273914538,0.852904112727689,1,0.905143773628136,0.832283193951197,0.827127964257074,0.850269217550693,0.826211478978119,0.887501432008248,0.766639935846031,0.804215832283194,0.820025203345171,0.746133577729408,0.830908466032764,0.874097834803528,0.669721617596517,0.897468209416886,0.901936075151793,0.928055905602016,0.873639592164051,0.847748883033566,0.686676595257189,0.889448963226028,0.901821514491923,0.849581853591477,0.687593080536144,0.803413907664108,0.772138847519762,0.821858173903082,0.792988887615993,0.875587123381831,0.899644861954405,0.883950051552297,0.626875930805361,0.877534654599611,0.92358803986711,0.79356169091534,0.851643945469126,0.720242868598923,0.731928055905602,0.750143200824837,0.844770305876962,0.812120517814183,0.859090388360637,0.833772482529499,0.864131057394891,0.829991980753809,0.854278840646122,0.689884293733532,0.724481613014091,0.786229808683698,0.918547370832856,0.861954404857372,0.891281933783939,0.876389048000916
0.783709474166571,0.813266124412877,0.838927712223622,0.912819337839386,0.890594569824722,0.676366135868943,0.908924275403826,0.828617252835376,0.89678084545767,0.92542101042502,0.852331309428342,0.877763775919349,0.880513231756215,0.736854164279986,0.771795165540153,0.883606369572689,0.82987742009394,0.84511398785657,0.912361095199908,0.85084202085004,0.935616909153397,0.826898842937335,0.897009966777409,0.89861381601558,0.745102531790583,0.854966204605339,0.905143773628136,1,0.832054072631458,0.792301523656776,0.814755412991179,0.81063122923588,0.917287203574293,0.762286630770993,0.806507045480582,0.844082941917745,0.752548974682094,0.809600183297056,0.882117080994387,0.672241952113644,0.906633062206438,0.885439340130599,0.906518501546569,0.877763775919349,0.854851643945469,0.648871577500286,0.900675907893229,0.88715775002864,0.813609806392485,0.685072746019017,0.797456753350899,0.77053499828159,0.815901019589873,0.756787719097262,0.872379424905487,0.909955321342651,0.885553900790469,0.582426394776034,0.874785198762745,0.897009966777409,0.769045709703288,0.816588383549089,0.720242868598923,0.72459617367396,0.74189483331424,0.839271394203231,0.815328216290526,0.821743613243212,0.838584030244014,0.870317333027838,0.823805705120861,0.859319509680376,0.668805132317562,0.694237598808569,0.791270477717952,0.883262687593081,0.857371978462596,0.869286287089014,0.904800091648528
