1,0.86107076156879,0.676903921975514,0.804108736252334,0.806080099605727,0.826208757003528,0.890952479767587,0.743722764058933,0.81282423739365,0.727848101265823,0.736874870305043,0.800581033409421,0.786158954139863,0.787611537663416,0.783357543058726,0.800269765511517,0.725772981946462,0.837310645362108,0.844988586843743,0.79746835443038,0.810126582278481,0.819049595351733,0.82610500103756,0.798713426021996,0.817700767794148,0.819983399045445,0.819983399045445,0.729093172857439,0.811267897904129,0.806287611537663,0.848205021788753,0.670886075949367,0.723075326831293,0.692674828802656,0.78263125129695,0.742373936501349,0.786885245901639,0.785951442207927,0.791242996472297,0.763125129694957,0.77412326208757,0.803382444490558,0.749636854119112,0.669848516289687,0.815418136542851,0.713737289894169,0.782216227433077,0.817804523760116,0.6935048765304,0.82133222660303,0.771010583108529,0.749325586221208,0.670886075949367,0.800373521477485,0.809711558414609,0.779726084249844,0.772878190495954,0.833782942519195,0.815003112678979,0.789997924880681,0.789997924880681,0.790827972608425,0.822473542228678,0.800062253579581,0.637684166839593,0.829632703880473,0.814173064951235,0.817285743930276,0.772359410666113,0.826001245071592,0.767275368333679,0.8467524382652,0.811267897904129,0.743203984229093
0.86107076156879,1,0.705851836480598,0.817285743930276,0.815314380576883,0.806183855571695,0.877152936293837,0.788234073459224,0.805042539946047,0.736667358373106,0.717680016600954,0.831811579165802,0.789375389084872,0.810541606142353,0.792799335961818,0.809711558414609,0.719443868022411,0.837621913260012,0.842602199626479,0.809815314380577,0.842809711558415,0.818945839385765,0.832019091097738,0.808362730857024,0.819672131147541,0.837310645362108,0.812201701597842,0.753268312927993,0.81282423739365,0.816351940236564,0.827350072629176,0.705229300684789,0.753890848723802,0.701286573978004,0.805146295912015,0.754720896451546,0.796534550736667,0.800788545341357,0.793629383689562,0.773189458393858,0.761776302137373,0.818842083419797,0.763228885660926,0.681365428512139,0.819879643079477,0.725254202116622,0.757833575430587,0.824133637684167,0.69298609670056,0.818738327453829,0.775887113509027,0.792591824029882,0.661236771114339,0.811267897904129,0.812512969495746,0.789790412948745,0.788960365221,0.814795600747043,0.804316248184271,0.775575845611123,0.798817181987964,0.793836895621498,0.831707823199834,0.806391367503631,0.656463996679809,0.822681054160614,0.875077816974476,0.820087155011413,0.812097945631874,0.808466486822992,0.792903091927786,0.837103133430172,0.815106868644947,0.743100228263125
0.676903921975514,0.705851836480598,1,0.64951234695995,0.61454658642872,0.685723179082797,0.657294044407553,0.754305872587674,0.656360240713841,0.760012450715916,0.747042954969911,0.649719858891886,0.640693089852667,0.687798298402158,0.680016600954555,0.609358788130318,0.823303589956422,0.689354637891679,0.663415646399668,0.754720896451546,0.646814691844781,0.712180950404648,0.634363975928616,0.637476654907657,0.632185100643287,0.668292176800166,0.742166424569413,0.751919485370409,0.636750363145881,0.680950404648267,0.685100643286989,0.843120979456319,0.822058518364806,0.800166009545549,0.648163519402366,0.837414401328076,0.619630628761154,0.737393650134883,0.678771529362938,0.736356090475202,0.677007677941482,0.681987964307948,0.784083834820502,0.811994189665906,0.635505291554264,0.821020958705126,0.764992737082382,0.664453206059348,0.804108736252334,0.623573355467939,0.790101680846649,0.70678564017431,0.84519609877568,0.616932973645985,0.640174310022826,0.707511931936086,0.680742892716331,0.661133015148371,0.684063083627308,0.751400705540569,0.652625025938991,0.694749948122017,0.687798298402158,0.660821747250467,0.806806391367504,0.649719858891886,0.661651794978211,0.625337206889396,0.69620253164557,0.65957667565885,0.725772981946462,0.658954139863042,0.610188835858062,0.810852874040257
0.804108736252334,0.817285743930276,0.64951234695995,1,0.878294251919485,0.811475409836066,0.821228470637062,0.792488068063914,0.847893753890849,0.733035899564225,0.744552811786678,0.891263747665491,0.802552396762814,0.798194646192156,0.828387632288857,0.884727121809504,0.642768209172027,0.853704087985059,0.820294666943349,0.788130317493256,0.88918862834613,0.776717161236771,0.901639344262295,0.859306910147333,0.866466071799128,0.882444490558207,0.756692259804939,0.706889396140278,0.834301722349035,0.834509234280971,0.807740195061216,0.659680431624818,0.684893131355053,0.643079477069932,0.875596596804316,0.666839593276613,0.828802656152729,0.773500726291762,0.834820502178875,0.718925088192571,0.826831292799336,0.865013488275576,0.701909109773812,0.621290724216642,0.867296119526873,0.644428304627516,0.733658435360033,0.847893753890849,0.64951234695995,0.892508819257107,0.733450923428097,0.785640174310023,0.599086947499481,0.865532268105416,0.865947291969288,0.789064121186968,0.815418136542851,0.835235526042747,0.808985266652833,0.713010998132393,0.85577920730442,0.831292799335962,0.858165594521685,0.84571487860552,0.640589333886698,0.872587673791243,0.862938368956215,0.844469807013903,0.828387632288857,0.838244449055821,0.756277235941067,0.857958082589749,0.872276405893339,0.691533513177008
0.806080099605727,0.815314380576883,0.61454658642872,0.878294251919485,1,0.799750985681677,0.82714256069724,0.756899771736875,0.856505499066196,0.70201286573978,0.681572940444076,0.872068893961403,0.825274953309815,0.809089022618801,0.854430379746835,0.903091927785848,0.616310437850176,0.84197966383067,0.817908279726084,0.772255654700145,0.873313965553019,0.751504461506537,0.902158124092135,0.906723386594729,0.862212077194439,0.877982984021581,0.734177215189873,0.670471052085495,0.863042124922183,0.829425191948537,0.798090890226188,0.64899356713011,0.670678564017431,0.606868644947084,0.853911599916995,0.665075741855157,0.857335546793941,0.754720896451546,0.7990246939199,0.690599709483295,0.82236978626271,0.854949159576676,0.655322681054161,0.600850798920938,0.894376426644532,0.610500103755966,0.713426021996265,0.833056650757419,0.614961610292592,0.890122432039842,0.729819464619216,0.751089437642664,0.575326831292799,0.920004150238639,0.852770284291347,0.758456111226396,0.791035484540361,0.843847271218095,0.800373521477485,0.699418966590579,0.901328076364391,0.803382444490558,0.815314380576883,0.827350072629176,0.594210417098983,0.844884830877775,0.853496576053123,0.827765096493048,0.79321435982569,0.818219547623988,0.721726499273708,0.856194231168292,0.930898526665283,0.664038182195476
0.826208757003528,0.806183855571695,0.685723179082797,0.811475409836066,0.799750985681677,1,0.838348205021789,0.783461299024694,0.781801203569205,0.713010998132393,0.772670678564017,0.827246316663208,0.809919070346545,0.775264577713219,0.806910147333472,0.793525627723594,0.716953724839178,0.856713010998132,0.828076364390952,0.84571487860552,0.824133637684167,0.775783357543059,0.807740195061216,0.786366466071799,0.809711558414609,0.833782942519195,0.789790412948745,0.784395102718406,0.804523760116207,0.864079684581863,0.883170782319983,0.704606764888981,0.713633533928201,0.637995434737497,0.810334094210417,0.728574393027599,0.77308570242789,0.790205436812617,0.862938368956215,0.769246731687072,0.820502178875285,0.854534135712803,0.77360448225773,0.721207719443868,0.821539738534966,0.678564017431002,0.835028014110811,0.806910147333472,0.726188005810334,0.835961817804524,0.78792280556132,0.783876322888566,0.65272878190496,0.7990246939199,0.867918655322681,0.853704087985059,0.859929445943142,0.846959950197136,0.792488068063914,0.808985266652833,0.844677318945839,0.828076364390952,0.826935048765304,0.814484332849139,0.653558829632704,0.85152521269973,0.811579165802034,0.82714256069724,0.816663208134468,0.830047727744345,0.850798920937954,0.857646814691845,0.808881510686865,0.764473957252542
0.890952479767587,0.877152936293837,0.657294044407553,0.821228470637062,0.82714256069724,0.838348205021789,1,0.740506329113924,0.811060385972193,0.709483295289479,0.739053745590371,0.834716746212907,0.818012035692052,0.812409213529778,0.791554264370201,0.82133222660303,0.685619423116829,0.848827557584561,0.838451960987757,0.785743930275991,0.838659472919693,0.810230338244449,0.844677318945839,0.809192778584769,0.833990454451131,0.83191533513177,0.813861797053331,0.729196928823407,0.832745382859514,0.822992322058518,0.855364183440548,0.665594521684997,0.699107698692675,0.65957667565885,0.81178667773397,0.709690807221415,0.812097945631874,0.792903091927786,0.811060385972193,0.749118074289272,0.781904959535173,0.834820502178875,0.73168707200664,0.657086532475617,0.834820502178875,0.69246731687072,0.775887113509027,0.820398422909317,0.681987964307948,0.850902676903922,0.748288026561527,0.763125129694957,0.632185100643287,0.816248184270596,0.852562772359411,0.781904959535173,0.784395102718406,0.830981531438058,0.811371653870097,0.766860344469807,0.80857024278896,0.808777754720896,0.843120979456319,0.830462751608217,0.620564432454866,0.854222867814899,0.83565054990662,0.864909732309608,0.779311060385972,0.831085287404026,0.764681469184478,0.857439302759909,0.827557584561112,0.734177215189873
0.743722764058933,0.788234073459224,0.754305872587674,0.792488068063914,0.756899771736875,0.783461299024694,0.740506329113924,1,0.771529362938369,0.769765511516912,0.752230753268313,0.788545341357128,0.762710105831085,0.74922183025524,0.80327868852459,0.744034031956837,0.690288441585391,0.780452376011621,0.778792280556132,0.780867399875493,0.793940651587466,0.733762191326001,0.763228885660926,0.77941481635194,0.750051877982984,0.790931728574393,0.710832122847064,0.71684996887321,0.728885660925503,0.788234073459224,0.763955177422702,0.75928615895414,0.778481012658228,0.692882340734592,0.790101680846649,0.724942934218718,0.73438472712181,0.736356090475202,0.796845818634571,0.762087570035277,0.779311060385972,0.794459431417306,0.759597426852044,0.677318945839386,0.760012450715916,0.688835858061839,0.756899771736875,0.78315003112679,0.692259804938784,0.757211039634779,0.788856609255032,0.743930275990869,0.705540568582693,0.757003527702843,0.765719028844159,0.767897904129487,0.7990246939199,0.768001660095455,0.77785847686242,0.745797883378294,0.789375389084872,0.740402573147956,0.785328906412119,0.761465034239469,0.727121809504046,0.767794148163519,0.785743930275991,0.752126997302345,0.784810126582278,0.756069724009131,0.76831292799336,0.771425606972401,0.752749533098153,0.742581448433285
0.81282423739365,0.805042539946047,0.656360240713841,0.847893753890849,0.856505499066196,0.781801203569205,0.811060385972193,0.771529362938369,1,0.736771114339074,0.724009130525005,0.827972608424984,0.812720481427682,0.772670678564017,0.876322888566093,0.853392820087155,0.643598256899772,0.831085287404026,0.833367918655323,0.777962232828388,0.852666528325379,0.771321851006433,0.858269350487653,0.889603652210002,0.84197966383067,0.85048765304005,0.756692259804939,0.684685619423117,0.853600332019091,0.800477277443453,0.807325171197344,0.652832537870928,0.696513799543474,0.656982776509649,0.81604067233866,0.691741025108944,0.833367918655323,0.772670678564017,0.798090890226188,0.735733554679394,0.812097945631874,0.821643494500934,0.687590786470222,0.642041917410251,0.844262295081967,0.661029259182403,0.754202116621706,0.85577920730442,0.656567752645777,0.841668395932766,0.75025938991492,0.757211039634779,0.619423116829218,0.865739780037352,0.832330358995642,0.771425606972401,0.777650964930483,0.819049595351733,0.793836895621498,0.716538700975306,0.824237393650135,0.784395102718406,0.855882963270388,0.827246316663208,0.631666320813447,0.848931313550529,0.820605934841253,0.838659472919693,0.77464204191741,0.846959950197136,0.747561734799751,0.858373106453621,0.864390952479768,0.688835858061839
0.727848101265823,0.736667358373106,0.760012450715916,0.733035899564225,0.70201286573978,0.713010998132393,0.709483295289479,0.769765511516912,0.736771114339074,1,0.753164556962025,0.704191741025109,0.710728366881096,0.725669225980494,0.732828387632289,0.704087985059141,0.733347167462129,0.708549491595767,0.705021788752853,0.753164556962025,0.712284706370616,0.718302552396763,0.72162274330774,0.699211454658643,0.726291761776302,0.701597841875908,0.74496783565055,0.721311475409836,0.700145258352355,0.736874870305043,0.733969703257937,0.737601162066819,0.807221415231376,0.737601162066819,0.705333056650757,0.745797883378294,0.747146710935879,0.725461714048558,0.735526042747458,0.749325586221208,0.747665490765719,0.750363145880888,0.753060800996057,0.712907242166425,0.72691429757211,0.722971570865325,0.732932143598257,0.744656567752646,0.734280971155841,0.703984229093173,0.738327453828595,0.704814276820917,0.769765511516912,0.698381406930898,0.70730442000415,0.724424154388877,0.724631666320813,0.704399252957045,0.746420419174103,0.733450923428097,0.730545756380992,0.705851836480598,0.724839178252749,0.740817597011828,0.812097945631874,0.712284706370616,0.719236356090475,0.687279518572318,0.696928823407346,0.712803486200457,0.734592239053746,0.711143390744968,0.6935048765304,0.726706785640174
0.736874870305043,0.717680016600954,0.747042954969911,0.744552811786678,0.681572940444076,0.772670678564017,0.739053745590371,0.752230753268313,0.724009130525005,0.753164556962025,1,0.730234488483088,0.752749533098153,0.647125959742685,0.738327453828595,0.708341979663831,0.729300684789375,0.752853289064121,0.767586636231583,0.783357543058726,0.735837310645362,0.758663623158332,0.708653247561735,0.685619423116829,0.699418966590579,0.738638721726499,0.801307325171197,0.799647229715709,0.709794563187383,0.740298817181988,0.744034031956837,0.69246731687072,0.753787092757834,0.742270180535381,0.713322266030297,0.733658435360033,0.669018468561942,0.775990869474995,0.768416683959328,0.755447188213322,0.76354015355883,0.748184270595559,0.770180535380784,0.726706785640174,0.685100643286989,0.743619008092965,0.801307325171197,0.734799750985682,0.807636439095248,0.714463581655945,0.770595559244657,0.80805146295912,0.756173479975099,0.677318945839386,0.752645777132185,0.762710105831085,0.76084249844366,0.744137787922805,0.689043369993775,0.760531230545756,0.708238223697863,0.796845818634571,0.7788960365221,0.734073459223905,0.764681469184478,0.748495538493463,0.703984229093173,0.748391782527495,0.758041087362523,0.758352355260427,0.803589956422494,0.736771114339074,0.674102510894376,0.725565470014526
0.800581033409421,0.831811579165802,0.649719858891886,0.891263747665491,0.872068893961403,0.827246316663208,0.834716746212907,0.788545341357128,0.827972608424984,0.704191741025109,0.730234488483088,1,0.788649097323096,0.807740195061216,0.820294666943349,0.867503631458809,0.645050840423324,0.872587673791243,0.826312512969496,0.808881510686865,0.899149201079062,0.786677733969703,0.888358580618386,0.852666528325379,0.875596596804316,0.882444490558207,0.767690392197551,0.727433077401951,0.822058518364806,0.842187175762606,0.818945839385765,0.685826935048765,0.676177630213737,0.63415646399668,0.917098983191533,0.676592654077609,0.818427059555924,0.815625648474787,0.834197966383067,0.709172027391575,0.830981531438058,0.872691429757211,0.702739157501556,0.638721726499274,0.86957875077817,0.660821747250467,0.748599294459431,0.828595144220793,0.652210002075119,0.902261880058103,0.748391782527495,0.811579165802034,0.594729196928823,0.868644947084457,0.901639344262295,0.803589956422494,0.839282008715501,0.871342602199626,0.805250051877983,0.739572525420212,0.865739780037352,0.851628968665698,0.858373106453621,0.869371238846234,0.613820294666943,0.869682506744138,0.882652002490143,0.838866984851629,0.84727121809504,0.847582485992945,0.78366881095663,0.880991907034654,0.875596596804316,0.70253164556962
0.786158954139863,0.789375389084872,0.640693089852667,0.802552396762814,0.825274953309815,0.809919070346545,0.818012035692052,0.762710105831085,0.812720481427682,0.710728366881096,0.752749533098153,0.788649097323096,1,0.743722764058933,0.861900809296535,0.84042332434115,0.662585598671924,0.782423739365014,0.824133637684167,0.753579580825897,0.807947706993152,0.745901639344262,0.810645362108321,0.82766134052708,0.79373313965553,0.813446773189458,0.726291761776302,0.692259804938784,0.840630836273086,0.798090890226188,0.804316248184271,0.636542851213945,0.702220377671716,0.639032994397178,0.770491803278688,0.685204399252957,0.811682921768002,0.722556547001453,0.810437850176385,0.775887113509027,0.824859929445943,0.833782942519195,0.708653247561735,0.626997302344885,0.80327868852459,0.611537663415646,0.742685204399253,0.801929860967006,0.666009545548869,0.80857024278896,0.729404440755343,0.734280971155841,0.648786055198174,0.823926125752231,0.795496991076987,0.743930275990869,0.780867399875493,0.774745797883378,0.768209172027392,0.721830255239676,0.827038804731272,0.743411496161029,0.786470222037767,0.778999792488068,0.648578543266238,0.814795600747043,0.793940651587466,0.839385764681469,0.717472504669018,0.801411081137165,0.745382859514422,0.797260842498444,0.821954762398838,0.697862627101058
0.787611537663416,0.810541606142353,0.687798298402158,0.798194646192156,0.809089022618801,0.775264577713219,0.812409213529778,0.74922183025524,0.772670678564017,0.725669225980494,0.647125959742685,0.807740195061216,0.743722764058933,1,0.769765511516912,0.799128449885868,0.690392197551359,0.802137372898942,0.773708238223698,0.764992737082382,0.800477277443453,0.748391782527495,0.796742062668603,0.799854741647645,0.850591409006018,0.808881510686865,0.728989416891471,0.672546171404856,0.808258974891056,0.784395102718406,0.809711558414609,0.688420834197966,0.742477692467317,0.633222660302967,0.823199833990454,0.680431624818427,0.841564639966798,0.751815729404441,0.754202116621706,0.753475824859929,0.76405893338867,0.807221415231376,0.71529362938369,0.671404855779207,0.844988586843743,0.673583731064536,0.713218510064329,0.801929860967006,0.62035692052293,0.809192778584769,0.721934011205644,0.722867814899357,0.651276198381407,0.795912014940859,0.791554264370201,0.743100228263125,0.742062668603445,0.774745797883378,0.864909732309608,0.719340112056443,0.81230545756381,0.764162689354638,0.790412948744553,0.814899356713011,0.608528740402573,0.807740195061216,0.829632703880473,0.788545341357128,0.762295081967213,0.79373313965553,0.732309607802449,0.819049595351733,0.821539738534966,0.713010998132393
0.783357543058726,0.792799335961818,0.680016600954555,0.828387632288857,0.854430379746835,0.806910147333472,0.791554264370201,0.80327868852459,0.876322888566093,0.732828387632289,0.738327453828595,0.820294666943349,0.861900809296535,0.769765511516912,1,0.853600332019091,0.664141938161444,0.824029881718199,0.811371653870097,0.794563187383275,0.838970740817597,0.743930275990869,0.836480597634364,0.890641211869682,0.828698900186761,0.848412533720689,0.719132600124507,0.702324133637684,0.832019091097738,0.826416268935464,0.81604067233866,0.68188420834198,0.722245279103549,0.614235318530816,0.810437850176385,0.712284706370616,0.818842083419797,0.750881925710728,0.811579165802034,0.749014318323304,0.852770284291347,0.858788130317493,0.71581240921353,0.648267275368334,0.826001245071592,0.62409213529778,0.760012450715916,0.830047727744345,0.668395932766134,0.82610500103756,0.778065988794356,0.714878605519817,0.635401535588296,0.871342602199626,0.800166009545549,0.773915750155634,0.78947914505084,0.786055198173895,0.786781489935671,0.728989416891471,0.873210209587051,0.763021373728989,0.81334301722349,0.792384312097946,0.634571487860552,0.809919070346545,0.81230545756381,0.809607802448641,0.748080514629591,0.809815314380577,0.746316663208134,0.831604067233866,0.867711143390745,0.710417098983191
0.800269765511517,0.809711558414609,0.609358788130318,0.884727121809504,0.903091927785848,0.793525627723594,0.82133222660303,0.744034031956837,0.853392820087155,0.704087985059141,0.708341979663831,0.867503631458809,0.84042332434115,0.799128449885868,0.853600332019091,1,0.610500103755966,0.828283876322889,0.820813446773189,0.761880058103341,0.876426644532061,0.752749533098153,0.884312097945632,0.879539323511102,0.874247769246732,0.870720066403818,0.734177215189873,0.66756588503839,0.872172649927371,0.802863664660718,0.816351940236564,0.633015148371031,0.663208134467732,0.630732517119734,0.848101265822785,0.64370201286574,0.860655737704918,0.769454243619008,0.820813446773189,0.710313343017223,0.822784810126582,0.853704087985059,0.655322681054161,0.59649304835028,0.854949159576676,0.612782735007263,0.712803486200457,0.828491388254825,0.626167254617141,0.894065158746628,0.713426021996265,0.762917617763021,0.577194438680224,0.892612575223075,0.851110188835858,0.76986926748288,0.802033616932974,0.830566507574185,0.791035484540361,0.694853704087985,0.872276405893339,0.796119526872795,0.834197966383067,0.840008300477277,0.606453621083212,0.840527080307118,0.865117244241544,0.848101265822785,0.78740402573148,0.808258974891056,0.741440132807636,0.846856194231168,0.906204606764889,0.6733762191326
0.725772981946462,0.719443868022411,0.823303589956422,0.642768209172027,0.616310437850176,0.716953724839178,0.685619423116829,0.690288441585391,0.643598256899772,0.733347167462129,0.729300684789375,0.645050840423324,0.662585598671924,0.690392197551359,0.664141938161444,0.610500103755966,1,0.699833990454451,0.690080929653455,0.760012450715916,0.642353185308155,0.739261257522308,0.635920315418137,0.618489313135505,0.674621290724217,0.65802033616933,0.766756588503839,0.765926540776095,0.64370201286574,0.700145258352355,0.72214152313758,0.820813446773189,0.789790412948745,0.765407760946254,0.624818427059556,0.854949159576676,0.638617970533306,0.718613820294667,0.677007677941482,0.784395102718406,0.660095455488691,0.676696410043578,0.774434529985474,0.863560904752023,0.659680431624818,0.809296534550737,0.761153766341565,0.681365428512139,0.817908279726084,0.629694957460054,0.789582901016809,0.703569205229301,0.850072629176178,0.615999169952272,0.658954139863042,0.73542228678149,0.699937746420419,0.686760738742478,0.692259804938784,0.798402158124092,0.650653662585599,0.708341979663831,0.660510479352563,0.653040049802864,0.784291346752438,0.666839593276613,0.666320813446773,0.648682299232206,0.711662170574808,0.675243826520025,0.746420419174103,0.671923635609047,0.616517949782112,0.791658020336169
0.837310645362108,0.837621913260012,0.689354637891679,0.853704087985059,0.84197966383067,0.856713010998132,0.848827557584561,0.780452376011621,0.831085287404026,0.708549491595767,0.752853289064121,0.872587673791243,0.782423739365014,0.802137372898942,0.824029881718199,0.828283876322889,0.699833990454451,1,0.843743515252127,0.833160406723387,0.869474994812202,0.845818634571488,0.854534135712803,0.842290931728574,0.839489520647437,0.892820087155011,0.817908279726084,0.763332641626894,0.81811579165802,0.854845403610708,0.838244449055821,0.713218510064329,0.719132600124507,0.650757418551567,0.854015355882963,0.748806806391368,0.804938783980079,0.833264162689355,0.84146088400083,0.727848101265823,0.81230545756381,0.843847271218095,0.742788960365221,0.68395932766134,0.855052915542644,0.709587051255447,0.804627516082175,0.825067441377879,0.692259804938784,0.866154803901224,0.812097945631874,0.820087155011413,0.633741440132808,0.849346337414401,0.882133222660303,0.828283876322889,0.833886698485163,0.873832745382859,0.822473542228678,0.795185723179083,0.834820502178875,0.867192363560905,0.871861382029467,0.853807843951027,0.632703880473127,0.861797053330567,0.835546793940652,0.839697032579373,0.854534135712803,0.844677318945839,0.805872587673791,0.876841668395933,0.85629798713426,0.747561734799751
0.844988586843743,0.842602199626479,0.663415646399668,0.820294666943349,0.817908279726084,0.828076364390952,0.838451960987757,0.778792280556132,0.833367918655323,0.705021788752853,0.767586636231583,0.826312512969496,0.824133637684167,0.773708238223698,0.811371653870097,0.820813446773189,0.690080929653455,0.843743515252127,1,0.791658020336169,0.843743515252127,0.777132185100643,0.841668395932766,0.814899356713011,0.815625648474787,0.858580618385557,0.798402158124092,0.729093172857439,0.827246316663208,0.784083834820502,0.811267897904129,0.655322681054161,0.730753268312928,0.701390329943972,0.807117659265408,0.713737289894169,0.792280556131978,0.793836895621498,0.80805146295912,0.790101680846649,0.796119526872795,0.818530815521892,0.712907242166425,0.663000622535796,0.818738327453829,0.696513799543474,0.768935463789168,0.836065573770492,0.694334924258145,0.83565054990662,0.772878190495954,0.795600747042955,0.665905789582901,0.813239261257522,0.847893753890849,0.774953309815314,0.792591824029882,0.825482465241751,0.79798713426022,0.74974061008508,0.812409213529778,0.799958497613613,0.850695164971986,0.804212492218302,0.656775264577713,0.835235526042747,0.820605934841253,0.848827557584561,0.798713426021996,0.846129902469392,0.783461299024694,0.868956214982362,0.821643494500934,0.708134467731895
0.79746835443038,0.809815314380577,0.754720896451546,0.788130317493256,0.772255654700145,0.84571487860552,0.785743930275991,0.780867399875493,0.777962232828388,0.753164556962025,0.783357543058726,0.808881510686865,0.753579580825897,0.764992737082382,0.794563187383275,0.761880058103341,0.760012450715916,0.833160406723387,0.791658020336169,1,0.798090890226188,0.797053330566508,0.779622328283876,0.768209172027392,0.798194646192156,0.813758041087362,0.8266237808674,0.814380576883171,0.765822784810127,0.839904544511309,0.834924258144843,0.755758456111226,0.76831292799336,0.665075741855157,0.784083834820502,0.799439717783773,0.752645777132185,0.828698900186761,0.825897489105624,0.757314795600747,0.797572110396348,0.829528947914505,0.803589956422494,0.736874870305043,0.796119526872795,0.733658435360033,0.841357128034862,0.771944386802241,0.734799750985682,0.793110603859722,0.835754305872588,0.793940651587466,0.690392197551359,0.771321851006433,0.81282423739365,0.848412533720689,0.815833160406723,0.809711558414609,0.775990869474995,0.833990454451131,0.82236978626271,0.833990454451131,0.810852874040257,0.789064121186968,0.673998754928408,0.80701390329944,0.809192778584769,0.76831292799336,0.832330358995642,0.809607802448641,0.856090475202324,0.842602199626479,0.78470637061631,0.786573978003735
0.810126582278481,0.842809711558415,0.646814691844781,0.88918862834613,0.873313965553019,0.824133637684167,0.838659472919693,0.793940651587466,0.852666528325379,0.712284706370616,0.735837310645362,0.899149201079062,0.807947706993152,0.800477277443453,0.838970740817597,0.876426644532061,0.642353185308155,0.869474994812202,0.843743515252127,0.798090890226188,1,0.792280556131978,0.892716331189043,0.872587673791243,0.861485785432662,0.892820087155011,0.765822784810127,0.714982361485785,0.83720688939614,0.847789997924881,0.819568375181573,0.660510479352563,0.696928823407346,0.639136750363146,0.874559037144636,0.691118489313135,0.829840215812409,0.804627516082175,0.871965137995435,0.732205851836481,0.820398422909317,0.878916787715294,0.702739157501556,0.635401535588296,0.867503631458809,0.659369163726914,0.75025938991492,0.859306910147333,0.650342394687695,0.89873417721519,0.74444905582071,0.804731272048143,0.598464411703673,0.877360448225773,0.883170782319983,0.800062253579581,0.819775887113509,0.853704087985059,0.817285743930276,0.733554679394065,0.867814899356713,0.839593276613405,0.867918655322681,0.848620045652625,0.622535795808259,0.873002697655115,0.875804108736252,0.852562772359411,0.834405478315003,0.843847271218095,0.773293214359826,0.872483917825275,0.87912429964723,0.699418966590579
0.819049595351733,0.818945839385765,0.712180950404648,0.776717161236771,0.751504461506537,0.775783357543059,0.810230338244449,0.733762191326001,0.771321851006433,0.718302552396763,0.758663623158332,0.786677733969703,0.745901639344262,0.748391782527495,0.743930275990869,0.752749533098153,0.739261257522308,0.845818634571488,0.777132185100643,0.797053330566508,0.792280556131978,1,0.777132185100643,0.749118074289272,0.792591824029882,0.794874455281179,0.838866984851629,0.815003112678979,0.748391782527495,0.779103548454036,0.786366466071799,0.694542436190081,0.718717576260635,0.696825067441378,0.773293214359826,0.769973023448848,0.735837310645362,0.839697032579373,0.779207304420004,0.751089437642664,0.740298817181988,0.771425606972401,0.78470637061631,0.713218510064329,0.769557999584976,0.764992737082382,0.794666943349243,0.769661755550944,0.737289894168915,0.777962232828388,0.794044407553434,0.828595144220793,0.672753683336792,0.757418551566715,0.803693712388462,0.816870720066404,0.793836895621498,0.828595144220793,0.773708238223698,0.808258974891056,0.738949989624403,0.838763228885661,0.81230545756381,0.806080099605727,0.667980908902262,0.798920937953932,0.79321435982569,0.766860344469807,0.82133222660303,0.805250051877983,0.802552396762814,0.806287611537663,0.758352355260427,0.760012450715916
0.82610500103756,0.832019091097738,0.634363975928616,0.901639344262295,0.902158124092135,0.807740195061216,0.844677318945839,0.763228885660926,0.858269350487653,0.72162274330774,0.708653247561735,0.888358580618386,0.810645362108321,0.796742062668603,0.836480597634364,0.884312097945632,0.635920315418137,0.854534135712803,0.841668395932766,0.779622328283876,0.892716331189043,0.777132185100643,1,0.871342602199626,0.860655737704918,0.891575015563395,0.755447188213322,0.698588918862835,0.842809711558415,0.840319568375182,0.814380576883171,0.66383067026354,0.688420834197966,0.637269142975721,0.862938368956215,0.686553226810542,0.840215812409214,0.767690392197551,0.83772566922598,0.698588918862835,0.816248184270596,0.884727121809504,0.689250881925711,0.616517949782112,0.877879228055613,0.637580410873625,0.732205851836481,0.849346337414401,0.641419381614443,0.89499896244034,0.75399460468977,0.776717161236771,0.596389292384312,0.892301307325171,0.86055198173895,0.776820917202739,0.807117659265408,0.851213944801826,0.798194646192156,0.720273915750156,0.880058103340942,0.817389499896244,0.8467524382652,0.850072629176178,0.619215604897282,0.857646814691845,0.854845403610708,0.838866984851629,0.808258974891056,0.829321435982569,0.729300684789375,0.857128034862005,0.898837933181158,0.685515667150861
0.798713426021996,0.808362730857024,0.637476654907657,0.859306910147333,0.906723386594729,0.786366466071799,0.809192778584769,0.77941481635194,0.889603652210002,0.699211454658643,0.685619423116829,0.852666528325379,0.82766134052708,0.799854741647645,0.890641211869682,0.879539323511102,0.618489313135505,0.842290931728574,0.814899356713011,0.768209172027392,0.872587673791243,0.749118074289272,0.871342602199626,1,0.851732724631666,0.869993774642042,0.725565470014526,0.659991699522723,0.859618178045238,0.817908279726084,0.789064121186968,0.65428512139448,0.680327868852459,0.615895413986304,0.839904544511309,0.666009545548869,0.843536003320191,0.761257522307533,0.796845818634571,0.718717576260635,0.830774019506122,0.844677318945839,0.671612367711143,0.595351732724632,0.867918655322681,0.618489313135505,0.718302552396763,0.836480597634364,0.613405270803071,0.87113509026769,0.742581448433285,0.740402573147956,0.58642871965138,0.910147333471675,0.833575430587259,0.753579580825897,0.786158954139863,0.829010168084665,0.79321435982569,0.700352770284291,0.863664660717991,0.789167877152936,0.829736459846441,0.810230338244449,0.595351732724632,0.841875907864702,0.838244449055821,0.833056650757419,0.786055198173895,0.832849138825483,0.724942934218718,0.855467939406516,0.905270803071177,0.668707200664038
0.817700767794148,0.819672131147541,0.632185100643287,0.866466071799128,0.862212077194439,0.809711558414609,0.833990454451131,0.750051877982984,0.84197966383067,0.726291761776302,0.699418966590579,0.875596596804316,0.79373313965553,0.850591409006018,0.828698900186761,0.874247769246732,0.674621290724217,0.839489520647437,0.815625648474787,0.798194646192156,0.861485785432662,0.792591824029882,0.860655737704918,0.851732724631666,1,0.857024278896036,0.754928408383482,0.7009753060801,0.837103133430172,0.819879643079477,0.832745382859514,0.645673376219133,0.684374351525213,0.61184893131355,0.848308777754721,0.665698277650965,0.866051047935256,0.787092757833575,0.805042539946047,0.737082382236979,0.806598879435568,0.847893753890849,0.698070139032994,0.649408590993982,0.890018676073874,0.645154596389292,0.73438472712181,0.851110188835858,0.627827350072629,0.869371238846234,0.73438472712181,0.754824652417514,0.603548454036107,0.858995642249429,0.859203154181365,0.783980078854534,0.796638306702635,0.83720688939614,0.85100643286989,0.724112886490973,0.866051047935256,0.820813446773189,0.83087777547209,0.842290931728574,0.614339074496784,0.850695164971986,0.875700352770284,0.826727536833368,0.799439717783773,0.838140693089853,0.760116206681884,0.868852459016393,0.876945424361901,0.688732102095871
0.819983399045445,0.837310645362108,0.668292176800166,0.882444490558207,0.877982984021581,0.833782942519195,0.83191533513177,0.790931728574393,0.85048765304005,0.701597841875908,0.738638721726499,0.882444490558207,0.813446773189458,0.808881510686865,0.848412533720689,0.870720066403818,0.65802033616933,0.892820087155011,0.858580618385557,0.813758041087362,0.892820087155011,0.794874455281179,0.891575015563395,0.869993774642042,0.857024278896036,1,0.781282423739365,0.722349035069517,0.830670263540153,0.838348205021789,0.813446773189458,0.690495953517327,0.711350902676904,0.646503423946877,0.857231790827973,0.70782319983399,0.808362730857024,0.791865532268105,0.843017223490351,0.723594106661133,0.814899356713011,0.85474164764474,0.711350902676904,0.652313758041087,0.87860551981739,0.66756588503839,0.770699315210625,0.851940236563602,0.652106246109151,0.880784395102718,0.772774434529986,0.798194646192156,0.60603859721934,0.881406930898527,0.859618178045238,0.796638306702635,0.826935048765304,0.852562772359411,0.814899356713011,0.764785225150446,0.872898941689147,0.837621913260012,0.866569827765097,0.83565054990662,0.626167254617141,0.860655737704918,0.855571695372484,0.844573562979871,0.840734592239054,0.840008300477277,0.772981946461922,0.870512554471882,0.88918862834613,0.721726499273708
0.819983399045445,0.812201701597842,0.742166424569413,0.756692259804939,0.734177215189873,0.789790412948745,0.813861797053331,0.710832122847064,0.756692259804939,0.74496783565055,0.801307325171197,0.767690392197551,0.726291761776302,0.728989416891471,0.719132600124507,0.734177215189873,0.766756588503839,0.817908279726084,0.798402158124092,0.8266237808674,0.765822784810127,0.838866984851629,0.755447188213322,0.725565470014526,0.754928408383482,0.781282423739365,1,0.827972608424984,0.761568790205437,0.769039219755136,0.789167877152936,0.707926955799959,0.743307740195061,0.740921352977796,0.74600539531023,0.772359410666113,0.73967628138618,0.842705955592447,0.77412326208757,0.748910562357336,0.73542228678149,0.757833575430587,0.812409213529778,0.750881925710728,0.756796015770907,0.825067441377879,0.824859929445943,0.769557999584976,0.792591824029882,0.765615272878191,0.769246731687072,0.827453828595144,0.718095040464827,0.729508196721312,0.810852874040257,0.788337829425192,0.752438265200249,0.797572110396348,0.756380991907035,0.8064951234696,0.724527910354845,0.851317700767794,0.818012035692052,0.796430794770699,0.720377671716124,0.809400290516705,0.75928615895414,0.774227018053538,0.790724216642457,0.819049595351733,0.81759701182818,0.799958497613613,0.733347167462129,0.775472089645155
0.729093172857439,0.753268312927993,0.751919485370409,0.706889396140278,0.670471052085495,0.784395102718406,0.729196928823407,0.71684996887321,0.684685619423117,0.721311475409836,0.799647229715709,0.727433077401951,0.692259804938784,0.672546171404856,0.702324133637684,0.66756588503839,0.765926540776095,0.763332641626894,0.729093172857439,0.814380576883171,0.714982361485785,0.815003112678979,0.698588918862835,0.659991699522723,0.7009753060801,0.722349035069517,0.827972608424984,1,0.670056028221623,0.781904959535173,0.769661755550944,0.719547623988379,0.743930275990869,0.689458393857647,0.712180950404648,0.776509649304835,0.658331604067234,0.811994189665906,0.766445320605935,0.751400705540569,0.710935878813032,0.74496783565055,0.824237393650135,0.787611537663416,0.6935048765304,0.76405893338867,0.824237393650135,0.688835858061839,0.816870720066404,0.700871550114132,0.79373313965553,0.819153351317701,0.718095040464827,0.671197343847271,0.752126997302345,0.817804523760116,0.775472089645155,0.745279103548454,0.68665698277651,0.829528947914505,0.709587051255447,0.810230338244449,0.742477692467317,0.724216642456941,0.713737289894169,0.74071384104586,0.722971570865325,0.706578128242374,0.784498858684374,0.74019506121602,0.834405478315003,0.737497406100851,0.673168707200664,0.771529362938369
0.811267897904129,0.81282423739365,0.636750363145881,0.834301722349035,0.863042124922183,0.804523760116207,0.832745382859514,0.728885660925503,0.853600332019091,0.700145258352355,0.709794563187383,0.822058518364806,0.840630836273086,0.808258974891056,0.832019091097738,0.872172649927371,0.64370201286574,0.81811579165802,0.827246316663208,0.765822784810127,0.83720688939614,0.748391782527495,0.842809711558415,0.859618178045238,0.837103133430172,0.830670263540153,0.761568790205437,0.670056028221623,1,0.793110603859722,0.823614857854327,0.628242373936501,0.666320813446773,0.656256484747873,0.799750985681677,0.672753683336792,0.833679186553227,0.765511516912222,0.790101680846649,0.742477692467317,0.806183855571695,0.824859929445943,0.689769661755551,0.63094002905167,0.843743515252127,0.659472919692882,0.737082382236979,0.824756173479975,0.650653662585599,0.838659472919693,0.731064536210832,0.748599294459431,0.621394480182611,0.851940236563602,0.834716746212907,0.760531230545756,0.756796015770907,0.805250051877983,0.800788545341357,0.710209587051255,0.840527080307118,0.787611537663416,0.833990454451131,0.814069308985267,0.620771944386802,0.867918655322681,0.82133222660303,0.852459016393443,0.754409628553642,0.836895621498236,0.751400705540569,0.831500311267898,0.877152936293837,0.693919900394273
0.806287611537663,0.816351940236564,0.680950404648267,0.834509234280971,0.829425191948537,0.864079684581863,0.822992322058518,0.788234073459224,0.800477277443453,0.736874870305043,0.740298817181988,0.842187175762606,0.798090890226188,0.784395102718406,0.826416268935464,0.802863664660718,0.700145258352355,0.854845403610708,0.784083834820502,0.839904544511309,0.847789997924881,0.779103548454036,0.840319568375182,0.817908279726084,0.819879643079477,0.838348205021789,0.769039219755136,0.781904959535173,0.793110603859722,1,0.875700352770284,0.724112886490973,0.70574808051463,0.600643286989002,0.821124714671094,0.736874870305043,0.793421871757626,0.775887113509027,0.865221000207512,0.730234488483088,0.817181987964308,0.872795185723179,0.773189458393858,0.69194853704088,0.844988586843743,0.662585598671924,0.807428927163312,0.806910147333472,0.700041502386387,0.838866984851629,0.768416683959328,0.765822784810127,0.633430172234903,0.841357128034862,0.846129902469392,0.834197966383067,0.84623365843536,0.823511101888359,0.794563187383275,0.778273500726292,0.862108321228471,0.832641626893546,0.820709690807221,0.825067441377879,0.639655530192986,0.856505499066196,0.839593276613405,0.825897489105624,0.814588088815107,0.824859929445943,0.820087155011413,0.85204399252957,0.837103133430172,0.742685204399253
